accurate : 0.1968369200387415
built : 0.1968369200387415
cycle : 0.2849786680696284
faq : 0.1968369200387415
follow : 0.2548463264867579
followup : 0.2849786680696284
link : 0.15917923735486583
machine : 0.20494010034069507
optional : 0.1840510501519957
post : 0.2548463264867579
re : 0.1968369200387415
simulated : 0.22764346139696132
time : 0.08061648545935494
ups : 0.29525538005811225
url : 0.1968369200387415
user : 0.1532445087937759
users : 0.16989755099117193
workspace : 0.1561128875110013
ws : 0.5529413484533102
