home : 0.12589204071634968
mail : 0.13747386235458572
aaa : 0.2426922240876652
class : 0.11495267336608064
email : 0.12324701645605365
features : 0.14117072255310595
industrial : 0.1449923298578954
lightweight : 0.21826632175788557
nachi : 0.19394536805402784
nachis : 0.3273994826368284
reveals : 0.16179481605844345
robot : 0.33432291919750695
robots : 0.40238893655803876
sc : 0.8730652870315423
secrets : 0.16179481605844345
series : 0.45876815161723106
store : 0.13747386235458572
