reqs : 0.10629193682092042
researchhtml : 0.2985883281647875
archive : 0.09952944272159583
aug : 1.6422358049063313
cabctelp : 0.09952944272159583
cauwoslipts : 0.09952944272159583
comaccesscompm : 0.09952944272159583
comaolproxywwwh : 0.14929416408239374
comaolproxywwwl : 0.09952944272159583
comazstarnetusrip : 0.4478824922471812
comcompuservead : 0.14929416408239374
comcompuservedd : 0.09952944272159583
comdoitnowphxts : 0.09952944272159583
comgnnproxywwwb : 0.19905888544319167
comgnnproxywwwc : 0.14929416408239374
comiafrica : 0.09952944272159583
commindspringdialupuser : 0.09952944272159583
comnetcomixphxaz : 0.09952944272159583
compipelineusatpipe : 0.09952944272159583
comprimenetphxip : 0.09952944272159583
comprodigypiwebayext : 0.19905888544319167
comworldui : 0.09952944272159583
eduarizonarescomprc : 0.09952944272159583
eduneuspa : 0.09952944272159583
eduuclatswlats : 0.09952944272159583
netattdialaccessvamiddletown : 0.07377843612265023
netconcentriccnc : 0.09952944272159583
netflashp : 0.09952944272159583
netmichdialippm : 0.09952944272159583
nlxsalldialztm : 0.09952944272159583
requests : 0.09938756708207767
reversed : 0.07086129121394694
section : 0.06437384948421632
statistics : 0.0611631183568219
subdomain : 0.07086129121394694
total : 0.04565270944181224
transfers : 0.06437384948421632
