st : 0.6774753652087047
battle : 0.8857661401743369
creek : 1.024395576286326
mi : 0.3409371365293457
neri : 0.8294120226799652
philip : 0.7369923986053059
