achieve : 0.1652250929494074
agency : 0.15604151112318135
awardwinning : 0.1652250929494074
california : 0.11122585315677284
campaigns : 0.12978598686333936
communications : 0.14334646606830276
contact : 0.09951922432808354
help : 0.0943468807772713
media : 0.3275702303344054
message : 0.14286550647973173
news : 0.13806262936031927
people : 0.06226228157907574
political : 0.05660264682081147
press : 0.07933516304536053
public : 0.055152602051060935
relations : 0.12250213141866788
reporters : 0.3244649671583484
specialties : 0.3009962985532132
steve : 0.1783046125657998
television : 0.11330774093540416
trained : 0.20066419903547544
training : 0.21854044038990472
