addis : 0.11886974171053322
advertisements : 0.11886974171053322
advertising : 0.08425817370119772
amharic : 0.133776132690317
amhariclanguage : 0.20066419903547544
challenges : 0.09916456468098149
cpj : 0.07861593145458501
editorial : 0.133776132690317
englishlanguage : 0.33444033172579246
facing : 0.10396335073074944
freedom : 0.05924417779139813
government : 0.11246795842719566
independent : 0.14569362692660315
international : 0.0446764611550152
issues : 0.047991529538397096
journalists : 0.14323520052488492
major : 0.047991529538397096
market : 0.058582421691037834
media : 0.04367603071125406
newspapers : 0.2974936940429444
political : 0.05660264682081147
press : 0.21156043478762812
private : 0.27952119289592275
production : 0.0621158206435384
publications : 0.26717087925289695
publishers : 0.1783046125657998
reflect : 0.11015006196627161
staffs : 0.133776132690317
weekly : 0.09192860260310594
