peak : 0.030026682043353094
rpt : 0.0643953433757737
tp : 0.057219906724014426
accuracy : 0.01833884348187033
accurate : 0.01833884348187033
additional : 0.02908935792130459
angle : 0.09015348072608317
arcs : 0.02575813735030948
attached : 0.021209018142574036
attempt : 0.013789724274134885
automatically : 0.016659898934838595
cad : 0.021209018142574036
calibration : 0.07637519267355096
casestudy : 0.02575813735030948
consistent : 0.028640697252581605
controller : 0.01909379816838774
copies : 0.020017788028902066
cut : 0.21434516710247947
cuts : 0.04286903342049589
cutting : 0.06418595218654614
defined : 0.04997969680451578
degree : 0.04055905876921007
designed : 0.011814883395914142
easily : 0.022887962689605773
easy : 0.01833884348187033
envelope : 0.022887962689605773
existing : 0.017700538389417913
fanuc : 0.04241803628514807
figure : 0.09162944414161225
file : 0.04136917282240465
fittings : 0.02575813735030948
follows : 0.01909379816838774
geometry : 0.1272541088554442
hours : 0.02270584355675902
inches : 0.022887962689605773
industrial : 0.011407264046790943
involved : 0.012110779727103149
joint : 0.02003017327047048
language : 0.027131686881435187
length : 0.025721420052297533
lengths : 0.02575813735030948
line : 0.03506601269196194
lines : 0.016659898934838595
maintained : 0.04003557605780413
manual : 0.020017788028902066
manually : 0.022887962689605773
material : 0.014277438707494651
measurement : 0.021209018142574036
measuring : 0.030026682043353094
menus : 0.022887962689605773
metal : 0.022887962689605773
methods : 0.016043503170020828
millimetres : 0.038637206025464214
model : 0.043503106452630995
modifications : 0.022887962689605773
motion : 0.015468668821166622
move : 0.015137229037839348
moved : 0.020017788028902066
movements : 0.015468668821166622
named : 0.01833884348187033
offline : 0.05501653044561097
offset : 0.02575813735030948
orientation : 0.021209018142574036
package : 0.01833884348187033
path : 0.05302254535643509
pelt : 0.07727441205092843
pelts : 0.038637206025464214
placed : 0.057219906724014426
pointer : 0.02575813735030948
polyline : 0.022887962689605773
position : 0.010088615056652084
pressure : 0.016659898934838595
programme : 0.09169421740935163
programmer : 0.02575813735030948
programmes : 0.01909379816838774
programming : 0.06489449403073613
quick : 0.02575813735030948
radius : 0.038637206025464214
required : 0.05831455372810106
robot : 0.2630283836336494
robots : 0.015828964378059498
robotrak : 0.11009783415896135
run : 0.028640697252581605
signature : 0.021209018142574036
simulation : 0.04997969680451578
simulations : 0.015137229037839348
soft : 0.021209018142574036
special : 0.0119601890680105
specification : 0.022887962689605773
surface : 0.053101615168253735
system : 0.013545529535645279
taught : 0.05302254535643509
teach : 0.026550807584126868
teaching : 0.015137229037839348
teachpoint : 0.022887962689605773
teachpoints : 0.057219906724014426
thick : 0.02575813735030948
time : 0.015021705365097195
times : 0.011538728636085271
tool : 0.13754132611402745
touch : 0.022887962689605773
true : 0.017700538389417913
types : 0.012598494160462914
users : 0.015828964378059498
water : 0.025196988320925828
waterjet : 0.11591161807639266
width : 0.03433194403440865
workcell : 0.13365658717871418
workspace : 0.14544678960652294
workspacerobotrak : 0.02575813735030948
wrist : 0.022887962689605773
xyz : 0.022887962689605773
