home : 0.15946325157404295
mail : 0.2612003384737129
aaa : 0.4611152257665639
email : 0.23416933126650194
industrial : 0.27548542673000126
quote : 0.622059017009974
reveals : 0.3074101505110426
robot : 0.5293446220627194
secrets : 0.3074101505110426
store : 0.2612003384737129
system : 0.21808302552388897
