grand : 1.4502887426939546
james : 0.8046731185527041
nw : 1.024395576286326
rapids : 1.8661770510299216
