asu : 0.29159016422342526
airsar : 0.15107174403062026
blumberg : 0.29159016422342526
boundary : 0.17273259342311856
canyon : 0.19439344281561685
color : 0.17918882331100167
composite : 0.25909889013467785
dan : 0.20760143910336018
data : 0.11867393981183452
death : 0.15518253448852318
dune : 0.29159016422342526
dust : 0.17273259342311856
golden : 0.19439344281561685
images : 0.11423877539494383
imaging : 0.16788435189771003
kbytes : 0.29159016422342526
layer : 0.1600618087947384
radar : 0.15610398807204254
sand : 0.19439344281561685
sar : 0.15107174403062026
seen : 0.0860891958531254
study : 0.05208478995309995
types : 0.09507926061724355
valley : 0.2881970161041024
various : 0.06207761454695249
