approach : 0.07161760026244246
breast : 0.10396335073074944
cancer : 0.09916456468098149
chief : 0.07161760026244246
communications : 0.2229833916618043
corporate : 0.0822084924150832
crisis : 0.12272233720917271
determine : 0.07702221162332218
document : 0.12638726055179655
donaldson : 0.267552265380634
experimental : 0.09524367098648784
followup : 0.09192860260310594
health : 0.10287951714454384
insurance : 0.064552996671646
interview : 0.12978598686333936
january : 0.08652399124222625
maley : 0.267552265380634
nelson : 0.19832912936196298
officer : 0.09192860260310594
pacificare : 0.535104530761268
peggy : 0.267552265380634
president : 0.04682879359710084
received : 0.07045486432114621
sam : 0.23773948342106643
situation : 0.06543088902692029
studies : 0.04760187231408029
systems : 0.08166808761244526
team : 0.08033728000670406
time : 0.03900797683517175
told : 0.06730210143529942
transplant : 0.11886974171053322
vice : 0.10396335073074944
