eastman : 0.48780741727920274
health : 0.2278046451057756
information : 0.15103439827334317
kinesthetics : 0.592437159057118
learning : 0.34815626787030496
reflexology : 1.0528462837218655
shared : 0.3171636583051023
touchpoint : 0.7896347127913991
yvette : 0.5264231418609328
