please : 0.3133356473197843
address : 0.11304922779868716
deceased : 0.9177919923097976
diet : 0.33586740206109045
efforts : 0.10741479314535406
email : 0.1151652448851649
family : 0.0924391078176257
fax : 0.11742730624539283
grandfather : 0.20395377606884393
grandmother : 0.18122763900130473
home : 0.07842454995444735
indicate : 0.16793370103054522
information : 0.12998862146476256
loss : 0.1761409593680892
mat : 0.20395377606884393
pat : 0.18122763900130473
tried : 0.15850150193376553
types : 0.09975528982792765
website : 0.13191362599224657
weight : 0.5877679536069083
