abb : 0.5691086534924032
dispenser : 0.6911766855666377
front : 0.5123502508517376
glue : 0.6141603321710881
irb : 0.5691086534924032
manipulating : 0.6911766855666377
pedastal : 0.6911766855666377
robot : 0.35289641470847954
simulations : 0.4061823125153558
