home : 0.047838975472212886
aaa : 0.18444609030662557
allows : 0.15290779589205475
avoid : 0.08549360042088852
bank : 0.05573205931229186
business : 0.040317951014175464
cash : 0.12824040063133277
companies : 0.0845817836531275
costly : 0.12441180340199479
credit : 0.06449715793091496
debt : 0.13286492102615052
equipment : 0.26572984205230105
financial : 0.056387855768751674
financing : 0.07471367040623478
helps : 0.11054885979079587
industrial : 0.1101941706920005
keep : 0.07471367040623478
lease : 0.5634175669574792
leasing : 0.7464708204119687
lines : 0.16093462371054082
obsolete : 0.12441180340199479
payments : 0.12423445885259708
rental : 0.11054885979079587
reveals : 0.09222304515331278
robot : 0.15880338661881582
robotic : 0.17098720084177704
secrets : 0.09222304515331278
store : 0.11754015231317079
system : 0.04906868074287502
