free : 0.011500083043098309
pcs : 0.025355243071283458
crayola : 0.07133704323508876
home : 0.06034733144430525
ball : 0.03803286460692519
activities : 0.020653997788290406
adventures : 0.022175668848531418
alices : 0.0285348172940355
alphabet : 0.0285348172940355
america : 0.01874368767408206
animation : 0.0285348172940355
answer : 0.04699062276542779
art : 0.01692240863123516
available : 0.011176149248538892
birthday : 0.0285348172940355
book : 0.009677597733607468
books : 0.028711446942581865
boy : 0.022175668848531418
canadian : 0.017535297694042978
chicken : 0.0285348172940355
child : 0.027178840661268414
children : 0.0766954944664567
childrens : 0.04383824423510744
collectors : 0.025355243071283458
coloring : 0.042802225941053255
computer : 0.014792926130943799
contains : 0.06345622372934366
craft : 0.04699062276542779
create : 0.01611256866512628
created : 0.01527623124864025
creations : 0.0285348172940355
day : 0.010682430605454646
download : 0.03803286460692519
education : 0.010152554976455359
educational : 0.021853677057635204
exhibits : 0.03803286460692519
full : 0.01456911803842347
fun : 0.050710486142566916
game : 0.025355243071283458
games : 0.06652700654559425
handson : 0.025355243071283458
head : 0.01611256866512628
homepage : 0.0285348172940355
includes : 0.046451110800294855
information : 0.07638322206255085
interactive : 0.03047360573994278
international : 0.009529612127101865
internet : 0.048337705995378843
juggling : 0.0285348172940355
kids : 0.2961290440702704
kidscom : 0.042802225941053255
learn : 0.022175668848531418
learning : 0.016768994553386252
lego : 0.0285348172940355
life : 0.009908931924556512
link : 0.016429049726993033
links : 0.16446717967899727
list : 0.0402814216628157
lists : 0.07606572921385038
lucky : 0.0285348172940355
magic : 0.023495311382713897
mailing : 0.042802225941053255
national : 0.008609104349752547
network : 0.02570424440581472
offers : 0.15686899159796058
online : 0.09469926724975256
origami : 0.0285348172940355
page : 0.09169410924118093
pages : 0.050710486142566916
parenting : 0.023495311382713897
parents : 0.035070595388085955
pictures : 0.03803286460692519
play : 0.032858099453986066
poems : 0.023495311382713897
products : 0.014151816303534815
programs : 0.010498919896217493
project : 0.02913823607684694
projects : 0.03172811186467183
provides : 0.1258700172902894
psychic : 0.0285348172940355
question : 0.028711446942581865
related : 0.019173873616614174
resources : 0.012358851584787054
safety : 0.036982315327359495
science : 0.020548656211753193
scouts : 0.0285348172940355
serves : 0.02941293592461761
service : 0.010682430605454646
site : 0.03222513733025256
sites : 0.08986250176847921
software : 0.03819057812160062
spirograph : 0.0285348172940355
stories : 0.02570424440581472
suggested : 0.018455805471392295
teachers : 0.017535297694042978
teaches : 0.020315737159961853
text : 0.017972500353695842
trivia : 0.0285348172940355
versions : 0.03803286460692519
web : 0.06445027466050512
wonderland : 0.0285348172940355
word : 0.022175668848531418
world : 0.008669068026667011
www : 0.03524296707407085
