mi : 0.8523428413233642
oak : 2.073530056699913
royal : 1.611431936326616
