mm : 0.2005614482716345
data : 0.20253685727886425
ellen : 0.21096569853149036
oleary : 0.49764721360797914
obtain : 0.4587233876761642
radar : 0.26641747297628593
sirc : 0.5314596841046021
software : 0.9324611554170009
tape : 0.40975823051453036
