arizona : 0.3217082970464399
az : 0.11439023508865939
beach : 0.30898818843290815
ca : 0.7953164543834865
california : 0.16037216036557944
campaigns : 0.09356664169217488
clients : 0.13031454140622345
container : 0.12854518580325103
county : 0.176891647659988
deposits : 0.11911576468445649
diego : 0.11242548392976391
district : 0.09111639714199286
finance : 0.09630578205627681
land : 0.24506092806959506
maricopa : 0.14466488767673813
newport : 0.28932977535347626
reform : 0.13961462070844366
san : 0.16037216036557944
scottsdale : 0.14466488767673813
smoking : 0.10299606281096939
transportation : 0.09356664169217488
zoning : 0.21699733151510717
