illusion : 0.048788942510586186
symbol : 0.043352494035606225
ancient : 0.044972881144721984
art : 0.019289333760048447
beloved : 0.19515577004234475
body : 0.025293003110162728
brahma : 0.07318341376587928
bryan : 0.04017237554064023
call : 0.023863030115700342
called : 0.03169681935863033
chakras : 0.09757788502117237
changing : 0.02569530345830038
channel : 0.04017237554064023
channels : 0.033526902125838635
consciousness : 0.03616590006012266
cosmic : 0.06502874105340933
counterpart : 0.08670498807121245
create : 0.027549333090176698
created : 0.07835808028714292
creative : 0.03791604556062626
death : 0.01947388668091271
embodiment : 0.048788942510586186
energies : 0.048788942510586186
energy : 0.15665145396700278
existence : 0.030729451585142693
experience : 0.03917904014357146
expression : 0.03473592706566026
female : 0.03473592706566026
focused : 0.048788942510586186
force : 0.05223872019142862
forces : 0.049090944576336046
head : 0.027549333090176698
healing : 0.032479597085646295
hinduism : 0.043352494035606225
human : 0.018591706418742596
illusions : 0.043352494035606225
inner : 0.11374813668187879
june : 0.03531428641448869
kali : 0.048788942510586186
kalpa : 0.048788942510586186
kaya : 0.043352494035606225
lakshmi : 0.048788942510586186
liberation : 0.03791604556062626
life : 0.01694233066316329
light : 0.023863030115700342
love : 0.06760787152666585
maintains : 0.03791604556062626
mantra : 0.09757788502117237
mantras : 0.048788942510586186
masters : 0.03616590006012266
miller : 0.026567661380733514
modern : 0.01947388668091271
movement : 0.020055125678196808
om : 0.048788942510586186
practices : 0.026567661380733514
practitioner : 0.04017237554064023
produce : 0.033526902125838635
producing : 0.07318341376587928
redirected : 0.048788942510586186
sacred : 0.048788942510586186
saraswati : 0.048788942510586186
search : 0.08112944583199902
seeker : 0.07318341376587928
senses : 0.048788942510586186
series : 0.029299478590680304
sexual : 0.04733371285604141
shared : 0.06529840023928576
shiva : 0.07318341376587928
sound : 0.06947185413132052
stages : 0.06025856331096034
structure : 0.023235244173162802
symbolized : 0.048788942510586186
system : 0.012828413266111116
tantra : 0.24394471255293096
tantric : 0.17076129878705165
teaches : 0.03473592706566026
transcendence : 0.048788942510586186
transcendental : 0.048788942510586186
transformation : 0.033526902125838635
triangle : 0.048788942510586186
true : 0.033526902125838635
universe : 0.03473592706566026
upwards : 0.048788942510586186
vishnu : 0.07318341376587928
vision : 0.04733371285604141
visions : 0.028090453650858674
wisdom : 0.04017237554064023
world : 0.014822406508340456
yantra : 0.07318341376587928
yantras : 0.048788942510586186
