illegal : 0.0303388483912807
pimenov : 0.049369763254759835
appeal : 0.031095278389727723
april : 0.025206886764891398
authorities : 0.031095278389727723
bodies : 0.03659644648940983
body : 0.038391165435068424
breakaway : 0.049369763254759835
call : 0.03622067071133087
cameraman : 0.049369763254759835
capital : 0.025594110290045616
chaikova : 0.07405464488213975
chechen : 0.07253255580631354
chechnya : 0.14212431906684447
city : 0.022645193175502103
colleagues : 0.050889047869576494
committee : 0.02448488852516341
correspondent : 0.03659644648940983
court : 0.020711684582980276
covering : 0.043868595155077725
cpj : 0.05802604464505083
crime : 0.02736509085603141
dagestan : 0.049369763254759835
dead : 0.08787362501729531
editor : 0.050889047869576494
excellency : 0.049369763254759835
fax : 0.028424863813368895
fear : 0.031095278389727723
feared : 0.049369763254759835
freelance : 0.043868595155077725
freely : 0.04065061810660023
gekhi : 0.049369763254759835
grozny : 0.12195185431980068
head : 0.02787730134125023
heard : 0.07319289297881966
held : 0.024837680291598597
index : 0.0303388483912807
investigation : 0.039645457288137786
itartass : 0.026001199928042052
join : 0.031095278389727723
journalists : 0.14536667672317188
july : 0.02448488852516341
june : 0.035734694586089744
killed : 0.06573251791142704
left : 0.02448488852516341
march : 0.07451304087479578
military : 0.020293877174365815
missing : 0.043868595155077725
moscow : 0.026883943063837484
murdered : 0.03836742705539562
murders : 0.03836742705539562
nevskoye : 0.08773719031015545
news : 0.03396778976325315
newspaper : 0.04789720943766095
nina : 0.043868595155077725
officials : 0.026430304858758524
outside : 0.04789720943766095
outskirts : 0.049369763254759835
petersburg : 0.04065061810660023
photographs : 0.07405464488213975
press : 0.03903793737152662
protect : 0.02736509085603141
provided : 0.02787730134125023
radio : 0.022923695713686788
region : 0.029013022322525416
reported : 0.02050003182835995
reporter : 0.03659644648940983
republic : 0.044752266483136245
responsible : 0.026883943063837484
russia : 0.021152715147700996
russian : 0.0703252976662723
seen : 0.021863922756349307
selam : 0.049369763254759835
send : 0.031095278389727723
sergei : 0.035149450006918125
shabalin : 0.049369763254759835
shot : 0.12195185431980068
shumack : 0.07405464488213975
soldier : 0.03836742705539562
st : 0.026883943063837484
station : 0.02964828190723602
stories : 0.02964828190723602
surrounding : 0.03286625895571352
thank : 0.04065061810660023
titov : 0.049369763254759835
told : 0.024837680291598597
traveled : 0.049369763254759835
turkish : 0.035149450006918125
vremya : 0.043868595155077725
vremyas : 0.049369763254759835
war : 0.02847558063822195
website : 0.031931472958440635
weekly : 0.050889047869576494
