household : 0.08334992774103187
authority : 0.21276523821866133
bay : 0.07139911428310178
compacted : 0.10725155465689205
county : 0.1049150461983377
day : 0.04015120468946746
facility : 0.25211315949228985
farm : 0.11055206950976963
frey : 0.14295111179844294
haulers : 0.09530074119896197
hazardous : 0.08334992774103187
includes : 0.03879824580254512
jack : 0.09530074119896197
lancaster : 0.20837481935257968
landfill : 0.1324649452094387
lausch : 0.10725155465689205
lcswma : 0.08334992774103187
located : 0.07370137967317976
maintenance : 0.0693683722890262
materials : 0.09454243480960868
page : 0.045952450148453894
recovery : 0.16669985548206373
recycling : 0.19060148239792393
refuse : 0.07635915001502903
resource : 0.15900525026433238
sr : 0.09530074119896197
station : 0.2576333462283958
tires : 0.10725155465689205
trailers : 0.16087733198533807
transfer : 0.3781697392384347
trash : 0.09530074119896197
waste : 0.2576333462283958
white : 0.05395771925416247
