divine : 0.4606202491283161
fr : 0.3887868856312337
franciscan : 0.25919125708748914
fraternity : 0.25919125708748914
hickey : 0.25919125708748914
information : 0.06607754924458764
marie : 0.23031012456415806
mercy : 0.5183825141749783
minister : 0.1702551630395787
national : 0.11729904676537846
ofm : 0.3887868856312337
region : 0.22847755078988766
regional : 0.14923053502018668
secular : 0.25919125708748914
sfo : 1.42555191398119
