airsar : 1.0359205304956818
cm : 1.2653802002490524
death : 0.35470293597376723
images : 0.7833516027081862
valley : 0.658736036809377
