advisory : 0.13050430917921618
air : 0.15978192575676997
aircraft : 0.09121312847131789
airline : 0.08700287278614412
airlines : 0.21750718196536034
board : 0.13254867807537846
caljet : 0.17605443877640772
canada : 0.14096918944572598
chairman : 0.12566861932843676
chief : 0.18850292899265514
continental : 0.20858275432225637
council : 0.05820935762586018
delta : 0.20858275432225637
engineering : 0.07591255835402867
executive : 0.2027282739896876
gazette : 0.09121312847131789
georgia : 0.13050430917921618
harris : 0.48320546051241786
hollis : 0.11736962585093848
institute : 0.10818947822551044
joined : 0.10429137716112818
marketing : 0.06757609132989587
national : 0.05311654947866194
officer : 0.24196302005911843
operations : 0.1013641369948438
president : 0.12325691899614277
prior : 0.07212631881700696
served : 0.08356284341267328
service : 0.043939054188473825
technology : 0.05197838240188703
