dried : 0.042802225941053255
maple : 0.0285348172940355
preferably : 0.0285348172940355
spike : 0.0285348172940355
inch : 0.0285348172940355
acids : 0.0285348172940355
add : 0.05288018644111971
allow : 0.02570424440581472
available : 0.011176149248538892
bowl : 0.042802225941053255
cabbage : 0.042802225941053255
calcium : 0.03803286460692519
calories : 0.05873827845678474
canola : 0.0285348172940355
carbohydrates : 0.042802225941053255
carrots : 0.025355243071283458
chopped : 0.042802225941053255
choy : 0.0285348172940355
coldpressed : 0.0285348172940355
cole : 0.0285348172940355
colourful : 0.0285348172940355
condiments : 0.042802225941053255
cook : 0.021152074576447886
cool : 0.022175668848531418
cover : 0.025153491830079377
cranberries : 0.0285348172940355
cucumber : 0.0285348172940355
cup : 0.26623005224847635
cups : 0.033263503272797125
day : 0.010682430605454646
diced : 0.0285348172940355
don’t : 0.021152074576447886
drain : 0.0285348172940355
drained : 0.0285348172940355
dressing : 0.114139269176142
earthsave : 0.04699062276542779
eat : 0.025355243071283458
essential : 0.020315737159961853
extra : 0.050710486142566916
fat : 0.05873827845678474
fatty : 0.0285348172940355
favourite : 0.0285348172940355
fibre : 0.03803286460692519
fine : 0.020315737159961853
flavour : 0.07133704323508876
flax : 0.0887433507494921
food : 0.014151816303534815
fortified : 0.0285348172940355
fresh : 0.04699062276542779
garlic : 0.0285348172940355
ginger : 0.07133704323508876
green : 0.016768994553386252
greens : 0.0285348172940355
ground : 0.018996094625779374
heat : 0.02941293592461761
hot : 0.023495311382713897
hours : 0.016768994553386252
industry : 0.011073062753804677
ingredients : 0.025355243071283458
juice : 0.050710486142566916
june : 0.01376933185886027
kitchen : 0.0285348172940355
lemon : 0.03524296707407085
lettuce : 0.042802225941053255
light : 0.020934883071686654
medium : 0.017972500353695842
milk : 0.05543917212132854
minutes : 0.018455805471392295
mix : 0.03524296707407085
mustard : 0.0285348172940355
natural : 0.020653997788290406
noodles : 0.0285348172940355
nori : 0.0285348172940355
oil : 0.08875755678566279
oils : 0.03047360573994278
olive : 0.07133704323508876
omega : 0.0285348172940355
onion : 0.057069634588071
orange : 0.03172811186467183
oriental : 0.0285348172940355
packages : 0.023495311382713897
packets : 0.0285348172940355
pan : 0.025355243071283458
peeled : 0.07133704323508876
pepper : 0.0285348172940355
pinch : 0.0285348172940355
pour : 0.025355243071283458
pressed : 0.025355243071283458
protein : 0.05873827845678474
recipe : 0.09987186052912427
recipes : 0.025355243071283458
red : 0.016429049726993033
refrigerate : 0.042802225941053255
rice : 0.228278538352284
salad : 0.114139269176142
salads : 0.07133704323508876
salt : 0.025355243071283458
sauce : 0.0285348172940355
sea : 0.01581652040302733
seasoned : 0.042802225941053255
seeds : 0.03524296707407085
serves : 0.039217247899490146
serving : 0.039217247899490146
sesame : 0.0285348172940355
shared : 0.022914346872960376
shredded : 0.0285348172940355
slaw : 0.0285348172940355
slice : 0.0285348172940355
sliced : 0.0285348172940355
soup : 0.0285348172940355
source : 0.016768994553386252
soy : 0.07606572921385038
sprouts : 0.042802225941053255
steamed : 0.0285348172940355
stir : 0.025355243071283458
stores : 0.025355243071283458
sui : 0.0285348172940355
sushi : 0.025355243071283458
syrup : 0.0285348172940355
taste : 0.0285348172940355
tbsp : 0.0887433507494921
thin : 0.025355243071283458
thinly : 0.042802225941053255
toasted : 0.042802225941053255
tsp : 0.15213145842770076
vegans : 0.0285348172940355
vegetable : 0.03803286460692519
vegetables : 0.025355243071283458
vinegar : 0.1426740864701775
virgin : 0.057069634588071
visions : 0.016429049726993033
vitamin : 0.025355243071283458
water : 0.03489147178614442
zingy : 0.0285348172940355
