close : 0.13264936446238818
communist : 0.11590917469412677
coverage : 0.12334142267420645
cpj : 0.2030911562576779
feb : 0.3580959858503591
felix : 0.18970288449746775
freelancer : 0.34558834278331885
journalists : 0.2466828453484129
june : 0.1667619080684188
march : 0.17386376204119017
nevskoye : 0.30708016608554406
opposition : 0.11268653110191827
press : 0.13663278080034316
russian : 0.1406505953325446
seen : 0.2040632790592602
television : 0.26018814585166883
viktor : 0.13264936446238818
vremya : 0.30708016608554406
yeltsin : 0.12133893299752957
