created : 0.027185456426151628
accept : 0.03946363925697836
appropriate : 0.03198371491514852
authority : 0.2392523393030253
authoritys : 0.07617049187877231
companies : 0.02301545133418436
compliance : 0.13812273739942424
computer : 0.039488055876070384
containers : 0.07617049187877231
county : 0.0993481253796504
deliver : 0.04512198358807996
delivered : 0.06768297538211993
delivery : 0.03946363925697836
efficient : 0.03946363925697836
ensure : 0.030495375676014198
facilities : 0.18064090416489273
facility : 0.05968393163490943
farm : 0.03489534711056674
frey : 0.04512198358807996
generated : 0.037642059246250116
haul : 0.07617049187877231
hauler : 0.12695081979795386
haulers : 0.13536595076423985
homes : 0.037642059246250116
information : 0.019418708349429836
insurance : 0.024503790573318685
lancaster : 0.13812273739942424
landfill : 0.06271809650732607
lcswma : 0.03946363925697836
license : 0.03489534711056674
licenses : 0.07892727851395671
licensing : 0.12695081979795386
loads : 0.06768297538211993
management : 0.03195517049945528
manifest : 0.04181206433821739
manifests : 0.05078032791918155
materials : 0.08952589745236414
municipal : 0.03946363925697836
obtain : 0.03120567263103158
officers : 0.05968393163490943
operating : 0.04926570113587984
operation : 0.04680850894654737
page : 0.021757078437635313
pennsylvania : 0.03198371491514852
program : 0.015535526992354522
records : 0.03198371491514852
recovery : 0.03946363925697836
recyclable : 0.04512198358807996
regulations : 0.1044468803610915
reporting : 0.030495375676014198
resource : 0.037642059246250116
rules : 0.055304111445608546
solid : 0.15785455702791343
station : 0.030495375676014198
system : 0.02002803295627552
transfer : 0.029841965817454717
types : 0.0248370313449126
unacceptable : 0.1015606558383631
vehicles : 0.07801418157757894
waste : 0.47267832297822
wastes : 0.07892727851395671
