audits : 0.4094402214473921
design : 0.320931739991615
engineering : 0.44704062141816886
entech : 0.5371439787755387
facility : 0.27078820834357054
office : 0.19742534137854265
pa : 0.6141603321710881
reading : 0.26529872892477635
studies : 0.10930800309159178
system : 0.12115723640216054
usa : 0.34772752408238033
