ps : 0.23267282034092673
active : 0.09804311974872537
advisor : 0.057069634588071
amendments : 0.050710486142566916
approved : 0.03691161094278459
article : 0.12890054932101025
board : 0.20946339264664166
club : 0.3384331932231662
committees : 0.050710486142566916
constitution : 0.10521178616425786
determined : 0.039217247899490146
dues : 0.19974372105824853
election : 0.048337705995378843
executive : 0.21357764645090943
fall : 0.03163304080605466
following : 0.04943540633914822
functional : 0.114139269176142
ii : 0.06708149780035344
iii : 0.08870267539412567
iv : 0.09398124553085559
majority : 0.03222513733025256
meeting : 0.13525394824953985
membership : 0.12430740646031278
nonfunctional : 0.057069634588071
office : 0.024451762464314915
officers : 0.11738296187370376
offices : 0.09804311974872537
outlined : 0.050710486142566916
page : 0.024451762464314915
paid : 0.05536741641417688
presidential : 0.10226065928860892
prior : 0.035070595388085955
program : 0.026189477842615997
public : 0.015685602418191644
purpose : 0.048337705995378843
scholars : 0.1480645220351352
section : 0.2952928875422767
semester : 0.07606572921385038
service : 0.021364861210909292
shall : 0.2882836950309084
voting : 0.035070595388085955
