attempts : 0.042154663445614866
avoiding : 0.06996763277898473
bad : 0.05606114811229979
bigger : 0.06996763277898473
break : 0.06996763277898473
call : 0.038513118224706246
calmly : 0.07874164772278151
chaos : 0.664692511400355
chaotic : 0.15748329544556303
coffee : 0.06119361783518795
cool : 0.06119361783518795
elements : 0.04082098603222466
energy : 0.03611764987485146
evolution : 0.09919000195204286
evolve : 0.11811247158417226
favour : 0.11811247158417226
fears : 0.07874164772278151
flourish : 0.07874164772278151
form : 0.03338064850181809
freedom : 0.05230735950569645
imposed : 0.05836901591981821
july : 0.05857777128172006
lack : 0.06800378811046483
lead : 0.054109873684106656
library : 0.04082098603222466
lives : 0.07639301758411747
mechanism : 0.12967032611219315
merely : 0.06996763277898473
mind : 0.051156259091460335
movement : 0.08091862417626877
online : 0.04020338901742172
orderly : 0.07874164772278151
perspective : 0.04082098603222466
picture : 0.054109873684106656
recognize : 0.06483516305609657
rules : 0.042878187671437
selforganization : 0.27559576702973526
selforganizing : 0.11811247158417226
shahriar : 0.07874164772278151
shahriari : 0.07874164772278151
shared : 0.08430932689122973
simply : 0.05241960289139118
spontaneous : 0.11811247158417226
spontaneously : 0.07874164772278151
succeed : 0.07874164772278151
system : 0.09316838115735764
telephone : 0.04959500097602143
traffic : 0.16232962105231996
trust : 0.06483516305609657
universe : 0.11212229622459959
visions : 0.06800378811046483
