page : 0.03331552635762907
algeria : 0.06042869761224811
american : 0.03671081799484544
annual : 0.045695510157977536
article : 0.04390674961246912
attacks : 0.08304057564134407
bosnia : 0.04778368621626711
campaign : 0.03911934645926779
chair : 0.06042869761224811
charges : 0.04897506346382117
colleagues : 0.05343350026305532
consecutive : 0.06909303736924742
correspondent : 0.057639403220820486
countries : 0.06457510025933384
country : 0.03443567834125016
cpj : 0.2056297957108989
cpj’s : 0.1600618087947384
dangerous : 0.08015025039458298
death : 0.04655476034655695
detail : 0.06909303736924742
diplomatic : 0.06042869761224811
direct : 0.05343350026305532
efforts : 0.04095188988666623
eldon : 0.1166360656893701
findings : 0.05343350026305532
freedom : 0.03443567834125016
gen : 0.057639403220820486
government : 0.021790666945269162
held : 0.03911934645926779
hundreds : 0.06909303736924742
igiebor : 0.07775737712624675
imprisoned : 0.06042869761224811
international : 0.025968193046352585
jail : 0.11527880644164097
jailed : 0.06909303736924742
journalist : 0.055360383760896054
journalists : 0.2705802459915404
kati : 0.07775737712624675
killed : 0.05176435785524879
major : 0.02789507654419331
marcus : 0.06909303736924742
marton : 0.06909303736924742
media : 0.03808003927637463
murdered : 0.09064304641837216
photojournalist : 0.07775737712624675
press : 0.12296950272030885
prison : 0.075438104864316
record : 0.046696044003896736
released : 0.057639403220820486
report : 0.0527429076481607
reporters : 0.075438104864316
reports : 0.04234221032554404
retaliation : 0.06909303736924742
reuters : 0.04390674961246912
survey : 0.04778368621626711
turkey : 0.057639403220820486
turkish : 0.055360383760896054
weeks : 0.05176435785524879
world : 0.023623210372667604
