excepting : 0.044274663132382486
th : 0.018574179768366655
accompanied : 0.06641199469857373
application : 0.031225124243011496
calendar : 0.044274663132382486
collect : 0.06563917804506247
collected : 0.06881559870433948
collection : 0.03440779935216974
container : 0.19670615621138057
copy : 0.03281958902253124
county : 0.032482594374574306
day : 0.016574874533730338
delivered : 0.07868246248455223
documentation : 0.03440779935216974
facility : 0.07805638745846696
following : 0.019176011711626886
generated : 0.06563917804506247
generator : 0.044274663132382486
hauling : 0.044274663132382486
house : 0.01784354521989631
insurance : 0.03204677236901999
issued : 0.07368591865515843
lancaster : 0.06881559870433948
law : 0.01216890152016291
lcswma : 0.46450529125429146
liability : 0.0418292356986373
license : 0.16733622858181027
licensed : 0.09113839646675498
licenses : 0.03440779935216974
load : 0.08601949838042436
location : 0.029474367462063365
manifest : 0.10936607576010597
materials : 0.11708458118770045
month : 0.05441558572670987
monthly : 0.028636054041021493
municipal : 0.05161169902825461
occurrence : 0.036455358586701986
operator : 0.03152192669659561
person : 0.1304345418138384
persons : 0.02295272524231849
preceding : 0.044274663132382486
primary : 0.03042476883305641
recyclable : 0.15736492496910445
regulated : 0.06641199469857373
regulations : 0.06504698954872247
report : 0.01501577441940518
required : 0.02227436097324856
residence : 0.03281958902253124
return : 0.022605464287375913
rules : 0.07232833080519978
scale : 0.03152192669659561
separated : 0.17709865252952994
shall : 0.20644679611301844
sludge : 0.13282398939714746
source : 0.10407518327795594
submit : 0.03152192669659561
transport : 0.06563917804506247
transportation : 0.028636054041021493
transported : 0.11068665783095623
transporting : 0.044274663132382486
vehicle : 0.19520309992697404
waste : 0.09305973182271235
