filter : 0.10192990808819162
gis : 0.03094820980149124
scada : 0.04642231470223686
addition : 0.017475323228843428
altitude : 0.02749971636586962
ammonia : 0.03094820980149124
analysis : 0.011620530417818449
aqua : 0.03094820980149124
associated : 0.02126706478131555
authority : 0.015348736090400944
basins : 0.03094820980149124
building : 0.03430847211800953
bulk : 0.02749971636586962
chlorine : 0.07737052450372811
city : 0.021293241344128844
citys : 0.04642231470223686
civil : 0.013552649794195319
clearwater : 0.03094820980149124
complete : 0.017475323228843428
concrete : 0.04642231470223686
conducted : 0.01901838257363865
construction : 0.0760735302945546
control : 0.027303961186126744
controls : 0.03190059717197333
costs : 0.014738774288946552
crane : 0.02001674424260458
creek : 0.025482477022047905
data : 0.012595575701421904
design : 0.03592519477518079
designed : 0.01419549422941923
developed : 0.023023104135601415
diameter : 0.03094820980149124
discharge : 0.038223715533071856
distribution : 0.07863895452979543
electrical : 0.06012805732562001
emergency : 0.030904094241939576
engineering : 0.04003348848520916
entech : 0.096204891720992
entire : 0.02126706478131555
evaluation : 0.017154236059004766
existing : 0.03190059717197333
feed : 0.02749971636586962
fire : 0.01949256257266514
flow : 0.072153668790744
flows : 0.025482477022047905
ft : 0.022033983586426286
gallon : 0.03094820980149124
hydrant : 0.03094820980149124
hydraulic : 0.02749971636586962
include : 0.021826517194741865
included : 0.0425341295626311
including : 0.016173834029503974
information : 0.007889856626219419
inspection : 0.03094820980149124
installation : 0.06012805732562001
levels : 0.027878235226207006
lighting : 0.024051222930248
lime : 0.04642231470223686
line : 0.02527893153763823
lines : 0.02001674424260458
maiden : 0.03094820980149124
main : 0.024852376210474435
mains : 0.03094820980149124
mechanical : 0.025482477022047905
metering : 0.03094820980149124
mgd : 0.03094820980149124
model : 0.022400853322623423
modifications : 0.02749971636586962
monitoring : 0.025482477022047905
oneton : 0.03094820980149124
operational : 0.025482477022047905
pennsylvania : 0.01949256257266514
pipe : 0.06189641960298248
plans : 0.02839098845883846
plant : 0.0380367651472773
prepared : 0.022941056008286758
pressure : 0.050041860606511446
pressures : 0.024051222930248
project : 0.02370199800280833
projects : 0.08029369602900366
protection : 0.015348736090400944
provided : 0.04368830807210857
pump : 0.09624900728054368
pumping : 0.06189641960298248
pumps : 0.05499943273173924
ranging : 0.03094820980149124
reading : 0.03563714269138787
removal : 0.024051222930248
renovation : 0.02749971636586962
renovations : 0.04642231470223686
repairs : 0.05499943273173924
replacement : 0.10999886546347848
replacements : 0.03094820980149124
safety : 0.016044069137043523
services : 0.017689869913355825
silo : 0.03094820980149124
size : 0.022941056008286758
specifications : 0.06189641960298248
station : 0.027878235226207006
status : 0.01311975737136134
steel : 0.022033983586426286
storage : 0.05096495404409581
structural : 0.07644743106614371
supports : 0.025482477022047905
system : 0.12206139488277368
tank : 0.1374985818293481
total : 0.01419549422941923
track : 0.025482477022047905
underground : 0.045882112016573516
unit : 0.01949256257266514
upgrades : 0.10831873430521935
valve : 0.04642231470223686
valves : 0.07737052450372811
water : 0.08325348193350679
worth : 0.022941056008286758
