board : 0.33452761609500276
bulletin : 0.592437159057118
enter : 0.6326901001245262
imaging : 0.34109836576042674
page : 0.25383258177241197
radar : 0.3171636583051023
response : 0.6567621805447539
responses : 0.48780741727920274
submit : 0.42179340008301747
