cards : 0.2626655323811092
cups : 0.24791260558871017
edge : 0.35470401982043376
hand : 0.2364693465469558
images : 0.18746875962247192
left : 0.1582100489318251
march : 0.16048962649956017
mug : 0.31900462410767894
mugs : 1.2760184964307157
mystic : 0.31900462410767894
onte : 0.31900462410767894
page : 0.13667908249283722
pumpkin : 0.28345861484819457
rain : 0.2626655323811092
shipping : 0.2626655323811092
walrus : 0.31900462410767894
