accessories : 0.23031012456415806
cigar : 0.7050014721428947
cigars : 0.5757753114103952
club : 0.3842626881388032
enjoy : 0.1921313440694016
enjoying : 0.25919125708748914
exciting : 0.25919125708748914
gk : 0.25919125708748914
information : 0.06607754924458764
month : 0.6371158162168947
pleasures : 0.25919125708748914
premium : 0.1921313440694016
receive : 0.13650629962222077
smoking : 0.3690692250726403
special : 0.12034940249685563
