power : 0.04704585599978006
army : 0.1673191365018143
fsb : 0.0976625415955525
assassinated : 0.11166551494019787
attacks : 0.08947132729033705
chechen : 0.14770265909649305
chechnya : 0.07235419879766629
control : 0.04434825210837556
correspondent : 0.09315459106395231
corruption : 0.12953575821346744
cpj : 0.11077699432236977
crisis : 0.05764230990127809
dangerous : 0.08635717214231164
failure : 0.06618487254410704
federal : 0.04546057083934581
following : 0.05442888172694097
free : 0.07597024555743731
impunity : 0.12566848828484323
journalists : 0.33638569820238123
killed : 0.1254893523763607
media : 0.04102899854693563
military : 0.10331428379677145
ministries : 0.0976625415955525
officials : 0.06727713964047626
press : 0.049684647563761154
received : 0.06618487254410704
reporter : 0.09315459106395231
reporters : 0.08128011298512162
russia : 0.08076491238213108
russian : 0.12786417757504057
security : 0.09492481451280195
society : 0.04546057083934581
soldier : 0.0976625415955525
topics : 0.11166551494019787
violent : 0.0976625415955525
yeltsin : 0.1654621813602676
