application : 0.16712876023402343
calibration : 0.2634944147237508
offline : 0.2530760400498105
patent : 0.31585388511655965
products : 0.17629119738117655
programming : 0.22388600440603962
robot : 0.7259583388288723
robotrak : 0.2762454747988485
simulation : 0.3448599079511589
simulations : 0.417787521444366
software : 0.1902981949830614
workspace : 0.4014331393140033
