epa : 0.19439344281561685
authority : 0.19281849713566185
available : 0.0761375167556712
county : 0.14261889092586533
environmental : 0.15610398807204254
information : 0.04955816193344073
lancaster : 0.3776793600765507
landfill : 0.1600618087947384
lcswma : 0.30214348806124053
management : 0.16310451609096968
page : 0.08328881589407268
pennsylvania : 0.18365648798932938
pringle : 0.19439344281561685
protection : 0.09640924856783092
service : 0.10916108774948965
site : 0.10976687403117279
solid : 0.3776793600765507
waste : 0.5837005500487092
web : 0.21953374806234557
