ecos : 0.2248406085578219
water : 0.07331412866871792
air : 0.08162353797695236
albright : 0.1331913973383083
audit : 0.1331913973383083
college : 0.13213159563752538
completed : 0.12342115376943685
conditioning : 0.1331913973383083
conducted : 0.09211313005545467
conservation : 0.11111210259435275
construction : 0.138169695083182
contact : 0.07433966154627927
cooling : 0.12342115376943685
costs : 0.10707808308716592
energy : 0.3093933621809565
entech : 0.2329781112761373
estimated : 0.09211313005545467
evaluated : 0.12342115376943685
feasibility : 0.2329781112761373
fluorescent : 0.14989373903854794
grant : 0.11111210259435275
hall : 0.16049245360017225
heat : 0.1030043378564922
lighting : 0.17473358345710294
mohn : 0.2248406085578219
pumps : 0.1331913973383083
rooftop : 0.14989373903854794
study : 0.08032353149393728
systems : 0.12201015498726762
units : 0.11648905563806865
