images : 0.8123646250307116
radar : 1.110072804067858
sirb : 2.4566413286843525
