tefka : 0.3554622954342708
cards : 0.4390266755512825
cold : 0.4368794168344421
edge : 0.2634944147237508
john : 0.15923445517797674
letter : 0.24426742977396718
line : 0.1935643900596299
list : 0.20071656965700166
march : 0.1788312980995099
message : 0.2530760400498105
page : 0.15229954906344717
please : 0.21843970841722105
pumpkin : 0.31585388511655965
set : 0.15566186335047194
subject : 0.13078654499288078
ww : 0.2530760400498105
