alternative : 0.08916197103995616
amendment : 0.08916197103995616
approved : 0.09813086811618342
august : 0.12850755984137302
benefits : 0.07321254500564729
bible : 0.11790965387755728
canada : 0.09111423220272534
canadian : 0.09323646090978949
compared : 0.07865507064745728
crenshaw : 0.15172171146584731
deprivation : 0.15172171146584731
destructive : 0.12492628979101535
dr : 0.07865507064745728
ethical : 0.1433416491624034
help : 0.07133544644135147
hemp : 0.45516513439754186
investment : 0.08409759628926727
investors : 0.1124671282357473
lack : 0.08735445952401173
lessons : 0.1348156826717023
library : 0.07865507064745728
marijuana : 0.11790965387755728
miller : 0.12392842046500693
milne : 0.15172171146584731
money : 0.07044843072986672
online : 0.0774650666433248
people : 0.04707635924271581
physical : 0.10838391336871672
prayer : 0.1348156826717023
shared : 0.1624496786440768
thousands : 0.12492628979101535
touch : 0.3370392066792557
visions : 0.13103168928601758
weight : 0.12492628979101535
