criteria : 0.29268445036752166
sas : 0.31585388511655965
accordance : 0.31585388511655965
advisory : 0.2634944147237508
agreement : 0.16505060913854488
checks : 0.31585388511655965
client : 0.208893760722183
doing : 0.2366370644811373
ensure : 0.4269352594641987
executed : 0.29268445036752166
including : 0.09288401828372281
maintained : 0.41436821219827275
procedures : 0.2854472924745921
services : 0.20318079157625835
transactions : 0.29268445036752166
