surgeons : 0.17661992694591824
aesop : 0.2825918831134692
applications : 0.04844882715858661
available : 0.033605524636985906
ca : 0.08324204674683144
camera : 0.07624059295916957
chan : 0.08580124372551365
cleared : 0.08580124372551365
clinical : 0.09540315015859942
commands : 0.06108732001202322
company : 0.03637339629853282
companys : 0.10597195616755095
computer : 0.2001635935787016
contact : 0.04255304764373227
control : 0.07569787859877897
core : 0.07624059295916957
development : 0.02518815193692828
devices : 0.0666799421928255
doesnt : 0.08580124372551365
dr : 0.0444807985730448
endoscopic : 0.11436088943875436
ext : 0.08580124372551365
fda : 0.07624059295916957
generation : 0.0706479707783673
immediate : 0.05711929142648142
information : 0.021873947336139357
interface : 0.133359884385651
leading : 0.06051213732611193
medical : 0.0983894600039057
michael : 0.0589611037385438
motion : 0.18034334235987703
october : 0.04380783079139747
operating : 0.05549469783122097
product : 0.0444807985730448
ramon : 0.08580124372551365
release : 0.08567893713972213
robot : 0.04380783079139747
robotics : 0.10597195616755095
robots : 0.05272682616967405
san : 0.07133796099020603
successfully : 0.0666799421928255
surgeon : 0.11436088943875436
surgery : 0.0589611037385438
surgical : 0.19060148239792393
team : 0.051526669245679155
video : 0.06360210010573294
voice : 0.2119439123351019
wang : 0.0666799421928255
world : 0.026066990756047008
worlds : 0.06108732001202322
