cincinnatti : 0.21826632175788557
clean : 0.1453034606463124
england : 0.12098250694245466
faq : 0.15539756845163802
follow : 0.20119446827901938
followup : 0.22498315900233817
home : 0.08392802714423313
hrs : 0.17971852215549575
ive : 0.17971852215549575
light : 0.10675566104392258
link : 0.12566781896436774
located : 0.14998877266822547
milacron : 0.19394536805402784
nice : 0.21826632175788557
offer : 0.14117072255310595
optional : 0.1453034606463124
post : 0.20119446827901938
recieve : 0.21826632175788557
robot : 0.16716145959875348
send : 0.13747386235458572
unit : 0.13747386235458572
ups : 0.23309635267745704
url : 0.15539756845163802
usa : 0.10980869181548852
user : 0.12098250694245466
workspace : 0.12324701645605365
