damn : 0.43983970899695124
actions : 0.06727713964047626
appropriate : 0.07915161771930694
arbiter : 0.25133697656968645
archicture : 0.12566848828484323
architecture : 0.258685751587456
available : 0.04922021285215108
behavior : 0.1558129269783126
behaviorbased : 0.12566848828484323
behaviors : 0.258685751587456
centralized : 0.10347430063498242
combines : 0.12566848828484323
command : 0.2794637731918569
commands : 0.1342069909355056
controller : 0.09315459106395231
distributed : 0.22333102988039574
following : 0.05442888172694097
fusion : 0.10347430063498242
independently : 0.11166551494019787
mobile : 0.13973188659592845
modules : 0.12566848828484323
navigation : 0.22333102988039574
obstacle : 0.12566848828484323
road : 0.07915161771930694
set : 0.055031971891580996
speed : 0.0976625415955525
steering : 0.18850273242726484
system : 0.08260720663783673
various : 0.04013098314146424
vehicle : 0.27703066201757426
votes : 0.1673191365018143
