ecm : 0.311029508504987
baugher : 0.4665442627574804
center : 0.20899522242109447
college : 0.18278204063191014
conservation : 0.23055761288328194
dehumidification : 0.311029508504987
energy : 0.28532943401132654
entech : 0.24171479044899244
founders : 0.311029508504987
hall : 0.33302184122035744
nicarry : 0.311029508504987
pool : 0.311029508504987
project : 0.15880338661881582
replacement : 0.2763721494769897
student : 0.2634404976748147
system : 0.12267170185718755
