weve : 0.19703226783121344
aaron : 0.1250552712565564
astronaut : 0.056294933666060996
building : 0.06240726602461463
class : 0.029648427067269674
commander : 0.06952911151264655
computer : 0.029184234357880076
control : 0.03973282315592019
crew : 0.056294933666060996
difference : 0.04172988468475691
divergence : 0.056294933666060996
dont : 0.03641054835080109
endeavor : 0.056294933666060996
endeavour : 0.05002210850262257
enjoyed : 0.056294933666060996
equipment : 0.060119873767488924
experience : 0.045206584781043994
folks : 0.056294933666060996
fun : 0.05002210850262257
godwin : 0.056294933666060996
goes : 0.03868488706827535
half : 0.08015983168998524
happened : 0.046352741008431037
happens : 0.056294933666060996
heres : 0.056294933666060996
home : 0.021646595236295425
im : 0.06952911151264655
incredible : 0.14073733416515247
information : 0.0358792122595046
job : 0.030654993900846365
jon : 0.037476458175745735
jsc : 0.11258986733212199
kind : 0.03641054835080109
knew : 0.04007991584499262
know : 0.0338070906815542
laser : 0.046352741008431037
learning : 0.033082722286318575
linda : 0.056294933666060996
lot : 0.056294933666060996
mission : 0.30948966098180924
payload : 0.05002210850262257
people : 0.026200869623773958
personal : 0.020712801243216415
photos : 0.10004421700524514
pictures : 0.05002210850262257
probably : 0.046352741008431037
radar : 0.045206584781043994
reading : 0.032412061904836934
report : 0.03818491051450548
science : 0.02026971517720451
seen : 0.024930807848868895
set : 0.0246523312998485
shuttle : 0.17408199180723907
space : 0.04447264060090451
specialist : 0.06562392500877623
sts : 0.08444240049909149
stuff : 0.07503316275393386
talked : 0.05002210850262257
talking : 0.056294933666060996
tell : 0.04374928333918415
thank : 0.18541096403372415
thats : 0.06952911151264655
thousands : 0.046352741008431037
told : 0.05664339758808006
tomorrow : 0.056294933666060996
training : 0.04598249085126954
vr : 0.056294933666060996
week : 0.045206584781043994
world : 0.04275694185098208
write : 0.03641054835080109
writing : 0.029648427067269674
yesterday : 0.056294933666060996
youre : 0.056294933666060996
youve : 0.046352741008431037
