colleagues : 0.5343350026305532
department : 0.2349493990364653
faculty : 0.7124466701740709
honors : 0.3690692250726403
philosophy : 0.3228755012966692
presidential : 0.23221691380121606
program : 0.1585918380469524
ps : 0.7685253762776064
scholars : 0.3842626881388032
