horizontally : 0.08683981766415066
sircxsar : 0.05789321177610044
acquired : 0.06027650010020443
active : 0.05587817020973106
ash : 0.12197235627646548
bezymianny : 0.08131490418431032
blue : 0.07324869647670076
bottom : 0.12197235627646548
center : 0.05463927383558025
comparison : 0.060882872470303606
crater : 0.08131490418431032
degrees : 0.049969867938579986
dome : 0.08131490418431032
edge : 0.09041475015030664
endeavour : 0.07225415672601038
eruption : 0.12197235627646548
feet : 0.05789321177610044
flank : 0.08131490418431032
green : 0.04778615441357128
growing : 0.04507191435111056
image : 0.2283447389290162
imaging : 0.07022613412714668
kamchatka : 0.12197235627646548
kilometers : 0.07888952142673569
kliuchevskoi : 0.2846021646450861
lava : 0.08131490418431032
left : 0.060492077532756656
miles : 0.04883246431780051
near : 0.05259301428449046
north : 0.07003440281679803
obtained : 0.06027650010020443
october : 0.04151722525982113
optical : 0.06695395923440038
opticalradar : 0.08131490418431032
photo : 0.07225415672601038
plate : 0.10043093885160057
plume : 0.12197235627646548
radar : 0.17412906730476205
reached : 0.05259301428449046
received : 0.06423825864575095
red : 0.07022613412714668
represents : 0.10838123508901557
seen : 0.03601116689281062
september : 0.04778615441357128
shuttle : 0.08381725531459658
snow : 0.09479011390156565
space : 0.04282550576383397
transmitted : 0.07324869647670076
vertically : 0.06027650010020443
volcanic : 0.07225415672601038
volcano : 0.21676247017803113
volcanoes : 0.12197235627646548
