ds : 0.3362481173026886
aesop : 0.4614394487776242
allows : 0.0688773855369616
applications : 0.0949335126756089
command : 0.08308382446244394
commands : 0.07979875136705737
data : 0.09123281859408298
development : 0.032903441719410814
disk : 0.09959356737909539
example : 0.050799870061938444
file : 0.060003935355019355
flexibility : 0.11208270576756287
information : 0.04286111302351631
intended : 0.07461529060216042
laparoscopic : 0.09959356737909539
library : 0.05810554768550897
loaded : 0.09959356737909539
modes : 0.09959356737909539
movement : 0.04607258601747915
pc : 0.21776107247656973
platform : 0.0871044289906279
port : 0.1742088579812558
positions : 0.07249307374348685
product : 0.05810554768550897
provided : 0.06328900845040593
receive : 0.05902975118798736
research : 0.05614744442454613
robot : 0.057226445628402095
robots : 0.0688773855369616
robotic : 0.0770212616404401
send : 0.1058920291109647
serial : 0.19918713475819078
software : 0.09000590303252903
standard : 0.05902975118798736
system : 0.1915594143115241
transfer : 0.06586740202951716
user : 0.062126152213692935
