contact : 0.14023163428048135
faq : 0.20131048640325835
follow : 0.26063828845236603
followup : 0.29145545598030176
hennie : 0.28275409864089723
link : 0.16279694729474914
looks : 0.10872494425502928
optional : 0.18823402856454105
post : 0.26063828845236603
scherpenzeel : 0.4241311479613458
simon : 0.28275409864089723
tilley : 0.28275409864089723
ups : 0.3019657296048875
url : 0.20131048640325835
user : 0.15672733853908902
van : 0.16611821837600987
website : 0.18288025421652365
wish : 0.2512474086154452
workspace : 0.15966090768170588
