acceleration : 0.0843884425883938
accuracy : 0.06761573589117074
brick : 0.09497084229159906
capability : 0.06322364318198324
classifier : 0.09497084229159906
computed : 0.14245626343739862
features : 0.061425428897152974
feel : 0.11070906432778278
field : 0.08972530710929069
force : 0.07626454379092155
forces : 0.04777935445406753
friction : 0.14245626343739862
hit : 0.14761208577037704
listen : 0.14245626343739862
mass : 0.050017575434096156
masses : 0.09497084229159906
material : 0.13160310869694497
materials : 0.11162262023322755
microphone : 0.09497084229159906
natural : 0.04582769992719906
object : 0.23459440678312807
objective : 0.10142360383675612
objects : 0.23459440678312807
observed : 0.0843884425883938
pendulum : 0.14245626343739862
percent : 0.07502636315114423
perception : 0.14079854221879812
preliminary : 0.0843884425883938
properties : 0.19578687119287447
robotic : 0.13052458079524965
samples : 0.1265826638825907
sensing : 0.07819813559437602
sequence : 0.09497084229159906
sliding : 0.09497084229159906
sounds : 0.14245626343739862
step : 0.07896186521816698
struck : 0.1265826638825907
tasks : 0.07380604288518852
terrain : 0.09497084229159906
test : 0.05264124347877799
true : 0.06526229039762482
variety : 0.07757351510023336
vertical : 0.07380604288518852
watch : 0.1265826638825907
whack : 0.14245626343739862
wooden : 0.09497084229159906
