buildings : 0.48780741727920274
college : 0.5222344018054574
completed : 0.9756148345584055
design : 0.27508434856424147
energy : 0.5434846362120505
lighting : 0.4604091246647474
muhlenberg : 0.592437159057118
study : 0.1587345979523046
