mission : 0.18713328338434976
oct : 0.2982334898403088
october : 0.4431722417269278
report : 0.3434421893368604
shuttle : 0.2982334898403088
sircxsar : 0.5149803140548469
srl : 0.5955788234222824
status : 0.7359268553424082
