ed : 0.3293680184046885
jhs : 0.4443278692928385
colleagues : 0.45800143082618844
department : 0.20138519917411313
faculty : 0.610668574434918
honors : 0.3163450500622631
mathematics : 0.4940520276070327
presidential : 0.19904306897247093
program : 0.13593586118310205
ps : 0.658736036809377
scholars : 0.3293680184046885
