able : 0.07521510443580681
allows : 0.051311340903374074
aquatic : 0.08349785463221127
art : 0.03301194703900909
barbara : 0.06488987663060199
body : 0.19479007428799822
car : 0.051311340903374074
conraddaoud : 0.16699570926442253
created : 0.044700918284611736
describes : 0.04807426631522793
develop : 0.055585887629797354
development : 0.02451195993862148
generated : 0.06189466117671998
healing : 0.16675766288939206
hookups : 0.08349785463221127
human : 0.04772703157831572
information : 0.021286727273424205
issue : 0.03398269417430608
left : 0.041410683948598516
library : 0.04328668317511071
life : 0.05799052777324348
mindell : 0.41748927316105633
motion : 0.1002868059144091
move : 0.07360350629472891
movement : 0.18877391787698675
movements : 0.07521510443580681
neural : 0.18548466407851658
online : 0.04263178164263512
paralysis : 0.16699570926442253
participate : 0.06189466117671998
pathways : 0.1252467819483169
people : 0.02590779501948118
process : 0.17335597385056065
search : 0.04628189862899273
sensation : 0.16699570926442253
september : 0.07360350629472891
shared : 0.08940183656922347
started : 0.09284199176507997
struggling : 0.08349785463221127
systems : 0.03398269417430608
visions : 0.0721113994728419
walk : 0.10312707143822071
wave : 0.09733481494590299
world : 0.025367205769307493
