analysis : 0.038928776899691805
average : 0.045695510157977536
avgemp : 0.1166360656893701
avgsales : 0.1166360656893701
boat : 0.2137340010522213
boats : 0.19207417055368609
branch : 0.050292069909544004
builder : 0.06909303736924742
building : 0.3879001628842453
carolina : 0.033677870568544724
classified : 0.13818607473849484
establishment : 0.08304057564134407
establishments : 0.10363955605387114
figures : 0.09795012692764234
industry : 0.060348192008235484
market : 0.11917861412770507
millions : 0.12085739522449622
motor : 0.05176435785524879
na : 0.045695510157977536
north : 0.026788159077425246
note : 0.10686700052611064
num : 0.2332721313787402
ofbus : 0.19439344281561685
ofemployees : 0.07775737712624675
outboard : 0.06402472351789537
plastics : 0.07775737712624675
repair : 0.06042869761224811
repairing : 0.6998163941362207
rubber : 0.07775737712624675
sales : 0.150876209728632
share : 0.04778368621626711
size : 0.057639403220820486
specialty : 0.10363955605387114
statistics : 0.04778368621626711
totalemp : 0.1166360656893701
totalsaverages : 0.1555147542524935
totalsales : 0.1555147542524935
unknown : 0.06909303736924742
virginia : 0.03296339039554537
washington : 0.03655941630119263
