aldous : 0.2403236082408606
contacts : 0.10509338715173583
create : 0.07635956454342455
faq : 0.09627892827981921
follow : 0.12465309447721853
followup : 0.13939173981666605
huseyin : 0.13523022108912477
huxley : 0.2403236082408606
link : 0.07785940957574958
optional : 0.09002497018304137
ovayolu : 0.13523022108912477
phil : 0.27046044217824955
platform : 0.6831070164862829
posed : 0.1201618041204303
post : 0.12465309447721853
question : 0.06803364601611789
re : 0.48139464139909605
simulate : 0.11134734524851368
stewart : 0.878996437079311
ups : 0.1444183924197288
url : 0.09627892827981921
user : 0.07495655321434691
watson : 0.27046044217824955
workspace : 0.1527191290868491
