autonomous : 0.10725155465689205
backscatter : 0.22226647397608498
common : 0.033199835171546385
data : 0.08730036951675182
designed : 0.04919473000195285
distortions : 0.07150103643792803
elevation : 0.19060148239792393
employ : 0.06353382746597463
environment : 0.05175369560744032
generate : 0.19060148239792393
guess : 0.06353382746597463
image : 0.054759788489246834
images : 0.06302828987307246
initial : 0.055566618494021246
intensity : 0.055566618494021246
line : 0.05840304872488833
locally : 0.06353382746597463
map : 0.10181220002003871
mapping : 0.06353382746597463
maps : 0.14718327245493187
material : 0.03963220055011446
merging : 0.06353382746597463
method : 0.03963220055011446
model : 0.08625615934573387
normal : 0.03963220055011446
parameters : 0.11113323698804249
position : 0.02800460386415492
range : 0.04293889103806597
reconstruction : 0.08334992774103187
scattering : 0.16669985548206373
seafloor : 0.2860041457517121
sensor : 0.2860041457517121
shape : 0.06353382746597463
sidescan : 0.07150103643792803
sonar : 0.39325570040860425
straight : 0.10725155465689205
surface : 0.22110413901953926
system : 0.028200391231537367
systems : 0.04365018475837591
task : 0.04759940952206785
technique : 0.06590853271209256
techniques : 0.111201996432612
towed : 0.07150103643792803
type : 0.04393902180806171
underwater : 0.2502536275327481
vehicles : 0.04393902180806171
vision : 0.046245581526017474
