arbor : 0.1330540130911885
browser : 0.08870267539412567
burning : 0.1409718682962834
cancer : 0.08460829830579154
day : 0.06409458363272788
destruction : 0.08870267539412567
earths : 0.1409718682962834
effect : 0.04691795456825859
fight : 0.10142097228513383
forest : 0.6652700654559425
forests : 0.20284194457026766
foundations : 0.07843449579898029
half : 0.08126294863984741
help : 0.053665198240282756
insect : 0.114139269176142
loss : 0.06571619890797213
national : 0.05165462609851529
percent : 0.09016929883302657
planets : 0.114139269176142
plants : 0.23495311382713896
precious : 0.114139269176142
produce : 0.07843449579898029
rain : 0.7988405870122725
rescue : 0.228278538352284
secure : 0.12189442295977113
species : 0.10142097228513383
support : 0.06466208695023436
transactions : 0.09398124553085559
trees : 0.07843449579898029
vegetation : 0.09398124553085559
wild : 0.10142097228513383
world : 0.034676272106668043
worldwide : 0.06854465174883925
