cm : 0.05924857124911952
imshhshv : 0.08321859759330755
imshhsvh : 0.041609298796653774
imshhsvv : 0.041609298796653774
byte : 0.3554914274947171
reshhshv : 0.08321859759330755
reshhsvh : 0.041609298796653774
shhshh : 0.1664371951866151
shv : 0.041609298796653774
shvshv : 0.20804649398326885
single : 0.036678670360918424
svvsvv : 0.1664371951866151
airsar : 0.1616821340795936
argument : 0.04288976609743571
azimuth : 0.041609298796653774
bytes : 0.05924857124911952
bytespixel : 0.08321859759330755
calculated : 0.03697286280628625
complex : 0.03524287594311902
compressed : 0.1456325457882882
consists : 0.03697286280628625
crossproducts : 0.08321859759330755
data : 0.16087793847401424
description : 0.017639272452465746
elements : 0.021570955829737445
factor : 0.041549986238326786
file : 0.03341356266424991
floating : 0.03697286280628625
formats : 0.041609298796653774
genfac : 0.06241394819498066
header : 0.041609298796653774
imshvsvv : 0.08321859759330755
imsvhsvv : 0.041609298796653774
indicate : 0.034260721614927284
int : 0.041609298796653774
integer : 0.041609298796653774
lines : 0.040368216649801204
lookquadpol : 0.041609298796653774
lowres : 0.06241394819498066
mqsca} : 0.08321859759330755
matrix : 0.25695541211195466
meters : 0.04626574171570875
mlc : 0.041609298796653774
multilooked : 0.041609298796653774
nint{ : 0.1664371951866151
pixel : 0.0739457256125725
power : 0.023365583999890763
prf : 0.041609298796653774
processor : 0.08565180403731822
quadpol : 0.041609298796653774
radar : 0.022275708442833272
range : 0.024987849634192233
reshhsvv : 0.08321859759330755
reshvsvv : 0.08321859759330755
resvhsvv : 0.041609298796653774
scale : 0.04443642843683964
scattering : 0.04850464022387808
sign : 0.02962428562455976
signbyte : 0.08321859759330755
signmqsca : 0.08321859759330755
sirc : 0.07406071406139939
spacing : 0.041609298796653774
sqrtmqsca} : 0.08321859759330755
stokes : 0.24965579277992264
stored : 0.09243215701571561
svhsvh : 0.08321859759330755
symmetrized : 0.08321859759330755
terms : 0.019563567251474314
total : 0.028628371305484266
value : 0.06280028863026267
