account : 0.34016823008058944
accounts : 0.2403236082408606
age : 0.12558198521411024
american : 0.08512653448080103
banking : 0.19255785655963842
cheques : 0.4056906632673743
customers : 0.21018677430347166
express : 0.2403236082408606
free : 0.3815027548645222
host : 0.2403236082408606
joint : 0.14021121289329339
metrochequing : 0.4056906632673743
package : 0.19255785655963842
prestige : 0.2403236082408606
services : 0.10306272036476873
status : 0.2293105418820547
travelers : 0.27046044217824955
