creek : 0.8003090439736921
facility : 0.22847755078988766
marsh : 0.9719672140780843
plant : 0.47783686216267107
process : 0.1614377506483346
product : 0.20155361853410925
treatment : 0.23972142412219621
waste : 0.35022033002922554
water : 0.3803170424689742
york : 0.1683893528427236
