aesop : 0.7202781395763229
benefits : 0.14070535993272837
control : 0.06860120248014344
description : 0.12361271398329512
frees : 0.19439344281561685
holding : 0.15107174403062026
image : 0.14887817495513983
information : 0.0743372429001611
maintain : 0.1440985080520512
position : 0.11420627513350678
positioning : 0.24009271319210762
procedures : 0.1040693253813617
product : 0.20155361853410925
reduces : 0.3454651868462371
robotic : 0.1335837506576383
scope : 0.528751104107171
scopeholding : 0.19439344281561685
staff : 0.2117110516277202
todays : 0.15107174403062026
video : 0.1440985080520512
