achieved : 0.06074113175318455
allowed : 0.04305500084731532
arc : 0.09111169762977682
arcmate : 0.09111169762977682
cimtas : 0.2734325349494391
collisions : 0.06074113175318455
column : 0.06835813373735977
configurations : 0.06074113175318455
cycle : 0.04697450572576292
difficult : 0.06826069167725116
envelope : 0.09111169762977682
experiment : 0.05067200283149054
fig : 0.09111169762977682
floor : 0.06826069167725116
generated : 0.0760080042472358
height : 0.06074113175318455
ibeams : 0.10253720060603966
immediately : 0.05067200283149054
joint : 0.053156998294710135
limit : 0.04105146725617296
line : 0.037223921165313444
linear : 0.0844282068367851
manually : 0.06074113175318455
manufacturing : 0.0455071277848341
mechanism : 0.0844282068367851
move : 0.06025781559293741
offline : 0.07300270386052227
operator : 0.07300270386052227
optimising : 0.06835813373735977
pendant : 0.06835813373735977
placed : 0.06074113175318455
position : 0.0401604483985958
program : 0.05228302353196233
programming : 0.08611000169463064
reach : 0.0562854712245234
reduce : 0.05067200283149054
reis : 0.09111169762977682
robot : 0.2966656673098757
robots : 0.06301145435112146
rotating : 0.10253720060603966
set : 0.029934973721244606
simply : 0.0455071277848341
simulation : 0.044212808711687035
simulations : 0.06025781559293741
srvl : 0.10253720060603966
steel : 0.04866846924034818
structures : 0.044212808711687035
system : 0.017973875729990853
table : 0.0455071277848341
task : 0.0455071277848341
teach : 0.1174362643144073
time : 0.019932647503686663
track : 0.1125709424490468
user : 0.03789012580065888
vertical : 0.05312412976900933
welding : 0.1328103244225233
welds : 0.06835813373735977
workcell : 0.12668000707872634
workpiece : 0.06835813373735977
workspace : 0.1350976911152896
