national : 0.05213290967350154
asa : 0.15354008304277203
nhtsa : 0.08639708569582971
auto : 0.10670787252982561
automotive : 0.30214348806124053
autoshoponline : 0.21599271423957428
available : 0.05075834450378079
car : 0.2123719387389649
care : 0.10762516709888972
cars : 0.09226730626816007
consumers : 0.0960656720347008
council : 0.06427283237855394
department : 0.05873734975911633
free : 0.05222954382073815
home : 0.03322151074459228
hotline : 0.07677004152138601
information : 0.07709047411868558
kit : 0.0960656720347008
link : 0.049743511673395566
mechanical : 0.0711385816865504
month : 0.07963947702711184
motorists : 0.07677004152138601
notices : 0.08639708569582971
october : 0.04411205183855994
official : 0.053092984684741225
online : 0.04411205183855994
press : 0.05123729280012868
publication : 0.0640437813564672
safety : 0.08957938601515966
selected : 0.05188449333766304
service : 0.11320409099947076
services : 0.032922813449856675
shop : 0.05937055584783924
site : 0.12196319336796976
sites : 0.054416737182023514
strikes : 0.07677004152138601
systems : 0.03516264883313615
time : 0.050385303412096835
tips : 0.17784645421637602
transportation : 0.05588007767727111
vehicles : 0.053092984684741225
visitors : 0.07677004152138601
week : 0.04625303350282742
whats : 0.08639708569582971
whatsnewautoshoponline : 0.08639708569582971
