magic : 0.0726521685309451
stewardship : 0.11760516999020838
arbor : 0.10285735763786912
benefits : 0.042577508443000546
brightly : 0.3088236254659445
colored : 0.3088236254659445
day : 0.04954829514870453
earth : 0.06063375916375072
electronic : 0.16672362030236992
environmental : 0.04723714059863226
explains : 0.0726521685309451
folded : 0.2647059646850953
form : 0.22443159418243652
global : 0.06970534448794252
heavy : 0.23521033998041677
illustrates : 0.08823532156169843
including : 0.023056316595250342
item : 0.21795650559283528
living : 0.048907821955460395
packages : 0.0726521685309451
paper : 0.06279395922282932
planting : 0.07840344666013892
poster : 0.47042067996083353
posters : 0.08823532156169843
printout : 0.23521033998041677
roots : 0.0685715717585794
secure : 0.18846088088815677
shipped : 0.2647059646850953
tree : 0.09095063874562608
trees : 0.39411943456437964
world : 0.040209719783264
