jpl : 0.11515506228207903
available : 0.0761375167556712
cd : 0.2878876557051976
cdrom : 0.12959562854374457
data : 0.05274397324970423
directory : 0.21341574505965122
edition : 0.11515506228207903
files : 0.10976687403117279
guided : 0.12959562854374457
image : 0.09925211663675988
included : 0.08905583377175887
installation : 0.15107174403062026
instructions : 0.1600618087947384
jet : 0.0960656720347008
laboratory : 0.0960656720347008
main : 0.06937955025424113
movie : 0.10670787252982561
multispec : 0.12959562854374457
nih : 0.12959562854374457
organized : 0.08627392975874798
package : 0.13840095940224012
pc : 0.2517862400510338
program : 0.09911989877934525
propulsion : 0.11515506228207903
quicktime : 0.19439344281561685
run : 0.0960656720347008
sigma : 0.32398907135936145
sirc : 0.09226730626816007
software : 0.4162773015254468
special : 0.06017470124842782
tour : 0.09226730626816007
version : 0.15107174403062026
