director : 0.6054942567642863
honors : 0.8052419456130334
ms : 1.2575869793633558
office : 0.48458947429278654
staff : 0.6158866956442769
