alternative : 0.1934201488168361
british : 0.05286060971751705
care : 0.027333375771146598
centre : 0.07029890001383625
cheng : 0.08773719031015545
chi : 0.14622865051692577
children’s : 0.06582635100634644
columbia : 0.08773719031015545
committee : 0.04896977705032682
community : 0.026790589587151352
complementary : 0.06582635100634644
director : 0.0352404064783447
doctors : 0.07319289297881966
don’t : 0.09759052397175955
education : 0.04684141766914853
health : 0.08859069531891274
help : 0.06189954082741608
hospital : 0.07433947024333394
information : 0.02517239971222386
institute : 0.22248488820272513
involved : 0.04642465562056206
library : 0.03412548038672749
looking : 0.05929656381447204
mahony : 0.296218579528559
majority : 0.03716973512166697
medical : 0.07548397725167368
medicine : 0.04896977705032682
medicines : 0.13165270201269288
methods : 0.027333375771146598
mike : 0.06582635100634644
october : 0.050413773529782796
online : 0.03360918235318853
page : 0.02820362019693466
patients : 0.04045179785504094
pediatric : 0.05420082414213364
people : 0.020424663798426963
population : 0.05473018171206282
practitioners’ : 0.06582635100634644
research : 0.04396731097795146
school : 0.029834844322090832
serving : 0.04523470921740133
shared : 0.0704808129566894
stevens : 0.08130123621320046
successful : 0.04879526198587977
support : 0.03729189141574362
takes : 0.042575297277920844
testing : 0.03868402976336722
trying : 0.10231313881438832
tze : 0.06582635100634644
tzu : 0.14622865051692577
unique : 0.04382167860761802
vancouver : 0.07673485411079124
visions : 0.05684972762673779
way” : 0.06582635100634644
western : 0.027905515678768564
we’re : 0.06582635100634644
“i : 0.05420082414213364
“the : 0.08773719031015545
“we : 0.06582635100634644
