antarctic : 0.5294119293701905
cambridge : 0.21795650559283528
committee : 0.26256135780175227
executive : 0.15240565278657364
kingdom : 0.18190127749125215
meetings : 0.19621924500704846
membership : 0.1441436947252563
research : 0.2210058982668305
scar : 1.9852947351382149
scientific : 0.49054811251762115
subsidiary : 0.23521033998041677
united : 0.09119373302953275
