eurobot : 0.7318341376587928
exhibition : 0.6025856331096034
frankfurt : 0.6502874105340933
germany : 0.42135680476288007
robot : 0.3736550273383901
simulations : 0.4300753897221415
stand : 0.5687406834093939
workspace : 0.6198599945289758
