automotive : 1.4323839434014365
department : 0.20884391025463583
overview : 0.6053516908073908
page : 0.19742534137854265
service : 0.17250147199919352
system : 0.18173585460324082
systems : 0.37506825422011897
