activities : 0.04646616633485354
activity : 0.020974469511105407
arbor : 0.11973488071776715
audio : 0.05133847977900737
background : 0.02028576588813188
bibliography : 0.038517586192568044
binder : 0.038517586192568044
boards : 0.034225653186004915
cassette : 0.05777637928885206
classroom : 0.02564178717287866
community : 0.015676227343565344
complete : 0.032624210238367146
contains : 0.04282803954488209
countryside : 0.038517586192568044
curriculum : 0.13234303470725778
day : 0.05767851076134026
discovery : 0.041134650472492415
dry : 0.034225653186004915
easterncentral : 0.038517586192568044
electronic : 0.0485201867133832
elementary : 0.03846268075931798
emery : 0.038517586192568044
entertaining : 0.038517586192568044
environmental : 0.06186164233195494
extensive : 0.02993372017944179
features : 0.03736872067582217
form : 0.06531445774968742
french : 0.02062054744398498
fullcolor : 0.07703517238513609
grow : 0.02993372017944179
guide : 0.07100981233377154
handson : 0.034225653186004915
herodotus : 0.034225653186004915
honeylocust : 0.038517586192568044
identification : 0.041134650472492415
importance : 0.032624210238367146
includes : 0.03483433833665042
information : 0.019639147763097258
introduces : 0.034225653186004915
introduction : 0.02062054744398498
investigations : 0.034225653186004915
item : 0.09514509996467423
kit : 0.11420810545301892
kits : 0.038517586192568044
learning : 0.05658886706870282
lower : 0.022176673934888428
lush : 0.038517586192568044
magic : 0.04757254998233711
masters : 0.04282803954488209
materials : 0.02263554682748113
middle : 0.022176673934888428
morton : 0.034225653186004915
opportunity : 0.03395332024122169
packed : 0.038517586192568044
page : 0.01650304711213824
pellets : 0.038517586192568044
planners : 0.031715033321558075
planter : 0.07703517238513609
planting : 0.0855641329650123
poster : 0.05133847977900737
principles : 0.02366993744459052
printout : 0.06845130637200983
programs : 0.02125787496014316
provide : 0.015993832881568755
provides : 0.026827111392487946
radio : 0.017884740928325298
reproducible : 0.038517586192568044
rockies : 0.038517586192568044
roosevelt : 0.034225653186004915
secure : 0.0548462006299899
seed : 0.07703517238513609
seeds : 0.031715033321558075
sterling : 0.038517586192568044
stewardship : 0.13690261274401966
story : 0.02062054744398498
student : 0.021749473492244764
students : 0.04057153177626376
suggested : 0.024912480450548113
suggestions : 0.04757254998233711
talk : 0.06845130637200983
tape : 0.04757254998233711
teachers : 0.05917484361147629
teaches : 0.02742310031499495
terrific : 0.05777637928885206
theodore : 0.031715033321558075
thornless : 0.038517586192568044
time : 0.011231398903006107
transformed : 0.038517586192568044
tree : 0.1720459451194351
trees : 0.10587442776580622
unit : 0.0849103267484206
valley : 0.02855202636325473
vhs : 0.038517586192568044
vinyl : 0.034225653186004915
wall : 0.02855202636325473
warp : 0.034225653186004915
western : 0.016328614437421854
windblown : 0.038517586192568044
wise : 0.038517586192568044
written : 0.017057921159752402
