data : 0.1433043801501398
day : 0.08787810837694765
develop : 0.1562697595630152
hrs : 0.38656436840993424
include : 0.11036804921114755
interferometry : 0.23473925170187696
kennedy : 0.14096918944572598
kiluaea : 0.23473925170187696
landing : 0.20858275432225637
met : 0.12782554060541595
mission : 0.15182511670805734
position : 0.13790946431215914
recorded : 0.34801149114457647
recorder : 0.20858275432225637
report : 0.11941790410904309
sirc : 0.25068853023801985
spare : 0.23473925170187696
status : 0.0995121219488162
stowing : 0.23473925170187696
tapes : 0.31287413148338455
time : 0.0684479593522825
xsar : 0.19328218420496712
