creditno : 0.12959562854374457
ids : 0.11515506228207903
acceptable : 0.12959562854374457
certificate : 0.08905583377175887
colloquium : 0.12959562854374457
coursework : 0.12959562854374457
credit : 0.10077680926705462
cumulative : 0.11515506228207903
departmental : 0.32398907135936145
designation : 0.19439344281561685
designations : 0.19439344281561685
following : 0.05612978428090787
gpa : 0.11515506228207903
grades : 0.11515506228207903
honors : 1.199474981486081
hours : 0.07615918359662921
including : 0.03386396499927394
major : 0.04649179424032218
minimum : 0.08382011651590666
office : 0.055525877262715115
participation : 0.13840095940224012
program : 0.0396479595117381
recorded : 0.0960656720347008
requirements : 0.18653816877523338
semesters : 0.12959562854374457
specific : 0.04768259452865445
students : 0.17063287452777598
transcript : 0.12959562854374457
university : 0.1040693253813617
