begins : 0.11015006196627161
bring : 0.12050592001005608
care : 0.055548473341362446
conway : 0.11886974171053322
disconnected : 0.133776132690317
don’t : 0.1487468470214722
gossett : 0.11886974171053322
home : 0.05143975857227192
individual : 0.058582421691037834
know : 0.08033728000670406
library : 0.06935178272141394
life : 0.04645477762480258
loss : 0.07702221162332218
lost : 0.1378929039046589
october : 0.10245379781859085
online : 0.06830253187906057
people : 0.04150818771938383
person : 0.181896308931457
piece : 0.11886974171053322
power : 0.0500810725158949
resources : 0.0869106337252767
retrieval : 0.3566092251315996
retrieve : 0.133776132690317
sense : 0.12331273862262479
shaman : 0.22030012393254322
shamanic : 0.1783046125657998
shared : 0.14323520052488492
situations : 0.09524367098648784
soul : 0.22982150650776484
spirit : 0.09916456468098149
stuck : 0.11886974171053322
traumatic : 0.133776132690317
visions : 0.11553331743498325
washington : 0.06289792051818087
world : 0.04064208236157867
