sick : 0.4056906632673743
iaq : 0.20284533163368715
sbs : 0.20284533163368715
air : 0.18409656663280016
airconditioned : 0.20284533163368715
airducts : 0.20284533163368715
bacteria : 0.1201618041204303
building : 0.11243482982152037
buildings : 0.3897157083697979
cleaning : 0.18024270618064545
conducted : 0.08310206298481236
danduct : 0.13523022108912477
designed : 0.06202813782854924
dirty : 0.13523022108912477
duct : 0.13523022108912477
dust : 0.1201618041204303
environment : 0.09788198951841974
eyes : 0.11134734524851368
formaldehyde : 0.13523022108912477
health : 0.05199888638284009
indoor : 0.13523022108912477
levels : 0.08121051131112475
major : 0.07276976489789559
mental : 0.07785940957574958
offices : 0.09292782654444404
poor : 0.1444183924197288
quality : 0.1527191290868491
sealed : 0.13523022108912477
singapore : 0.11134734524851368
syndrome : 0.18024270618064545
system : 0.03555701503106885
systems : 0.05503718947795224
ventilation : 0.13523022108912477
workers : 0.06904495070383296
