adaptations : 1.777311477171354
change : 0.39808613794494185
ecological : 0.6906136869971212
environmental : 0.47574548745765344
sub : 0.888655738585677
themes : 0.5116475486406401
