tracks : 0.020165267249730823
mm : 0.0493507500668392
accuracies : 0.04352317314598263
accuracy : 0.03487268268402901
accurate : 0.09589987738107977
achievable : 0.021761586572991314
advanced : 0.017436341342014505
america : 0.0107247346796585
angles : 0.020165267249730823
attempting : 0.020165267249730823
based : 0.014255478427142238
cad : 0.05041316812432706
calibrated : 0.021761586572991314
calibration : 0.081693642360218
car : 0.10534985937444716
cars : 0.017436341342014505
catia : 0.024490512480707636
changes : 0.0107247346796585
coordinate : 0.030247900874596237
collision : 0.030247900874596237
companies : 0.03329991482406595
complete : 0.013828897515738304
configuration : 0.032642379859486974
controller : 0.02723121412007267
created : 0.03933328833311308
customers : 0.019032660665274995
cycle : 0.03365889780349941
darts : 0.09796204992283054
datum : 0.03673576872106145
defined : 0.023760033028131025
derive : 0.024490512480707636
designed : 0.01685016342586574
detroit : 0.03673576872106145
device : 0.019032660665274995
dimensions : 0.021761586572991314
downloading : 0.024490512480707636
endpoint : 0.021761586572991314
environment : 0.011817773012722592
example : 0.011099971608021984
finish : 0.024490512480707636
fixture : 0.134697818643892
fixtures : 0.03673576872106145
floor : 0.04891120427267602
frame : 0.021761586572991314
industry : 0.009503652284761493
introduced : 0.01815414274671511
involved : 0.011514776787777205
involves : 0.020165267249730823
joint : 0.012696290931282472
key : 0.010493079167757187
known : 0.012898233035170466
length : 0.016303734757558672
line : 0.04000838770917547
lower : 0.01410052299403339
major : 0.008785850880060885
manual : 0.019032660665274995
manufacturing : 0.016303734757558672
measured : 0.019032660665274995
measurements : 0.028548990997912492
measuring : 0.03806532133054999
model : 0.029544432531806483
models : 0.03009995982127062
motion : 0.022061123151447277
named : 0.017436341342014505
office : 0.010493079167757187
offline : 0.13949073073611604
orientation : 0.030247900874596237
orientations : 0.024490512480707636
past : 0.011978489526581863
photogrammetry : 0.024490512480707636
pitfalls : 0.024490512480707636
player : 0.024490512480707636
playing : 0.020165267249730823
position : 0.06234883261881736
positions : 0.015840022018754014
potential : 0.01410052299403339
precisely : 0.021761586572991314
produce : 0.016829448901749706
production : 0.051172186888426806
programme : 0.043590853355036256
programmes : 0.03630828549343022
programming : 0.10026390945349214
ready : 0.021761586572991314
real : 0.013336129236391823
recorded : 0.01815414274671511
repeatability : 0.032642379859486974
repeatable : 0.04898102496141527
representing : 0.019032660665274995
required : 0.018481581004378484
requiring : 0.019032660665274995
robot : 0.306352989933936
robotrak : 0.03806532133054999
robots : 0.045149939731905925
running : 0.017436341342014505
setup : 0.021761586572991314
shop : 0.05048834670524912
signature : 0.020165267249730823
simulation : 0.2692803743188183
simulations : 0.03598071665982483
smart : 0.08571679368247673
software : 0.01966664416655654
specialist : 0.019032660665274995
standard : 0.012898233035170466
system : 0.009659189122613192
target : 0.020165267249730823
technique : 0.022574969865952962
techniques : 0.025392581862564944
technology : 0.010845882942126035
theodolite : 0.024490512480707636
theodolites : 0.04898102496141527
time : 0.0178530602641288
times : 0.01645631672607043
tool : 0.061027194697050764
triangulation : 0.024490512480707636
user : 0.020362213274763532
usually : 0.01966664416655654
vendors : 0.03673576872106145
welding : 0.019032660665274995
workcell : 0.01815414274671511
workspace : 0.013828897515738304
worse : 0.021761586572991314
wrist : 0.021761586572991314
