client : 1.2185469375460674
imagemap : 1.8424809965132645
map : 1.4762769002905611
