th : 0.09156744763001806
arbor : 0.16962441435017012
celebration : 0.21826632175788557
community : 0.13324793242030541
day : 0.08171122357856536
fifth : 0.21826632175788557
graders : 0.19394536805402784
held : 0.16471303772323279
lower : 0.12566781896436774
oregon : 0.21826632175788557
past : 0.16013349156588386
plant : 0.20119446827901938
planted : 0.19394536805402784
planters : 0.21826632175788557
reedsport : 0.3273994826368284
school : 0.14838909412829387
seventh : 0.16962441435017012
sites : 0.13747386235458572
tree : 0.524960704338789
treeplant : 0.21826632175788557
trees : 0.14998877266822547
umpqua : 0.43653264351577115
