castle : 0.39481735639569954
contact : 0.22036399672647067
cost : 0.22353912262438735
eastbourne : 0.888655738585677
england : 0.36942872655642406
highlights : 0.4443278692928385
london : 0.3163450500622631
masters : 0.3293680184046885
program : 0.2039037917746531
students : 0.23401079935237845
study : 0.11905094846422845
tuition : 0.39481735639569954
