eye : 0.06326901001245262
ive : 0.07317111259188042
week : 0.04757454874576535
top : 0.04925716354085654
adventures : 0.06906136869971212
artists : 0.2560988940715815
author : 0.08621497698778972
battered : 0.0888655738585677
beaten : 0.07896347127913991
book : 0.03013880437037754
books : 0.08941564904975495
cameron : 0.22216393464641926
capsule : 0.0888655738585677
collage : 0.13329836078785157
creative : 0.1726534217492803
creativity : 0.15792694255827983
discounted : 0.07896347127913991
disowned : 0.0888655738585677
dominant : 0.06326901001245262
glue : 0.07896347127913991
gold : 0.12653802002490525
green : 0.05222344018054575
grownups : 0.0888655738585677
health : 0.03417069676586634
heart : 0.0916002861652377
images : 0.05222344018054575
journey : 0.10359205304956819
julia : 0.11844520691870987
kingdom : 0.061066857443491794
kingdoms : 0.0888655738585677
library : 0.04606939852208211
life : 0.030859245136475994
lively : 0.0888655738585677
major : 0.03188008747907806
malnourished : 0.0888655738585677
memories : 0.0888655738585677
move : 0.05222344018054575
neglected : 0.07896347127913991
october : 0.06805859426520677
online : 0.04537239617680452
paper : 0.021080829167664128
personal : 0.032696636248220196
process : 0.05535008593657186
remember : 0.07896347127913991
restore : 0.07317111259188042
shared : 0.0951490974915307
starved : 0.0888655738585677
task : 0.059159266120284326
third : 0.04757454874576535
time : 0.051824883509585314
vein : 0.22216393464641926
visions : 0.07674713229609602
words : 0.0658736036809377
youve : 0.07317111259188042
