harmful : 0.11310163945635889
indecency : 0.09312687057148417
cda : 0.23281717642871042
washington : 0.05317733280173473
bill : 0.08413898056828881
caucus : 0.20099792689235613
compromise : 0.08789628743599724
congress : 0.13129025726929708
court : 0.09489717299838235
dc : 0.07315210168660945
decision : 0.05008825940545478
developed : 0.05609265371219253
educate : 0.16965245918453833
empowerment : 0.10049896344617806
federal : 0.04091451375541122
freedom : 0.05008825940545478
internet : 0.28738963382707056
issues : 0.0405746567915539
june : 0.054576624458755246
kids : 0.16767826391511412
minors : 0.08383913195755706
net : 0.07315210168660945
press : 0.044716182807385034
protects : 0.08383913195755706
release : 0.07529361142581642
replaced : 0.11310163945635889
representative : 0.07123645594737624
resolution : 0.06646619659342186
rick : 0.11310163945635889
ruling : 0.15058722285163284
speech : 0.07315210168660945
speed : 0.08789628743599724
standard : 0.11913277057939267
strong : 0.07315210168660945
supreme : 0.07772145492808047
tried : 0.08789628743599724
white : 0.25605390409702555
whites : 0.10049896344617806
wife : 0.08383913195755706
