access : 0.4557682510889627
browser : 1.115606725149196
framecapable : 0.9570138723230368
frames : 0.8503758445445837
netscape : 0.7879965971433276
sea : 0.5304617612092244
