csp : 0.15422950834958032
abroad : 0.19054348172172061
accident : 0.07621739268868824
benefit : 0.060423815084928965
canada : 0.061746835046475025
care : 0.04269428116319593
clients : 0.12349367009295005
cover : 0.15105953771232242
crispin : 0.10281967223305355
designed : 0.09432377983845505
expatriate : 0.09136269404198007
full : 0.07874548096800785
health : 0.05930451504819779
home : 0.039536343365465194
insurance : 0.29769067886593775
international : 0.034338106507573664
lloyds : 0.15422950834958032
market : 0.045026158820384445
medical : 0.25939039455575136
medicus : 0.2570491805826339
nationals : 0.10281967223305355
offers : 0.07065586811643679
overseas : 0.1370440410629701
periods : 0.07621739268868824
plan : 0.13817865945196328
plans : 0.07074283487884128
private : 0.19096764693715937
protection : 0.07648998233480801
renewable : 0.10281967223305355
residing : 0.15422950834958032
short : 0.05504493243311693
speers : 0.10281967223305355
travel : 0.09714062174642216
underwriters : 0.10281967223305355
usa : 0.051728061433742534
