tuneup : 0.1481092897642795
belt : 0.22216393464641926
belts : 0.1481092897642795
car : 0.0910165451738421
care : 0.06150009548507984
check : 0.15817252503113155
checklist : 0.1481092897642795
clean : 0.09859877686714054
condition : 0.08703906696757624
cool : 0.11510228116618686
coolant : 0.1481092897642795
cooling : 0.12195185431980068
cracked : 0.1481092897642795
cracks : 0.22216393464641926
dirt : 0.1481092897642795
engine : 0.4604091246647474
excessive : 0.1481092897642795
heater : 0.22216393464641926
hose : 0.22216393464641926
hoses : 0.37027322441069876
hot : 0.12195185431980068
inspect : 0.19740867819784977
leaks : 0.1481092897642795
loose : 0.1481092897642795
minutes : 0.0957944188753219
radiator : 0.296218579528559
replace : 0.3293680184046885
running : 0.10544835002075437
system : 0.05841509612247026
thermostat : 0.1481092897642795
tighten : 0.1481092897642795
