interpretive : 0.6502874105340933
natural : 0.3531428641448869
orchards : 0.7318341376587928
provide : 0.3038828247498063
trails : 1.205171266219207
tree : 0.7543552978313693
trees : 0.5029035318875795
