angry : 0.10897825279641764
comes : 0.10897825279641764
community : 0.05386618544650645
conway : 0.11760516999020838
country : 0.05861392058085133
culture : 0.06658612163279623
family : 0.11997416121010994
funeral : 0.11760516999020838
gone : 0.11760516999020838
gossett : 0.11760516999020838
grandmother : 0.11760516999020838
healing : 0.13216431792829478
held : 0.06658612163279623
journey : 0.10285735763786912
kind : 0.08560352325028767
knowing : 0.16346737919462645
library : 0.0686139977988457
light : 0.09710222360909979
looked : 0.10897825279641764
loss : 0.07620282639328682
malaysia : 0.10897825279641764
move : 0.07777959175825963
november : 0.11430423958993023
online : 0.06757590919949609
people : 0.061599916881426
returned : 0.10897825279641764
shaman : 0.16346737919462645
shamanic : 0.11760516999020838
shared : 0.17713927724487097
soul : 0.18190127749125215
souls : 0.10285735763786912
spirit : 0.19621924500704846
store : 0.08336181015118496
time : 0.07718599671640367
visions : 0.11430423958993023
washington : 0.06222879370415766
went : 0.10897825279641764
woman : 0.07948262809173913
