aikido : 1.481092897642795
aikikai : 0.888655738585677
central : 0.39808613794494185
champaignurbana : 0.592437159057118
federation : 0.6326901001245262
illinois : 0.4178219005850586
midwest : 0.592437159057118
