affiliates : 0.05604135288378143
amherst : 0.05604135288378143
boston : 0.08308382446244394
california : 0.062126152213692935
clark : 0.049796783689547694
college : 1.1032789839944126
colleges : 0.06532832174297093
colorado : 0.06921591731664364
credit : 0.04357916076413173
franklin : 0.04355221449531395
hampshire : 0.05604135288378143
illinois : 0.026349128865724415
institute : 0.0516580391527212
lawrence : 0.05294601455548235
mary : 0.04355221449531395
massachusetts : 0.049796783689547694
miami : 0.05604135288378143
northeastern : 0.049796783689547694
ohio : 0.046143944877762424
pennsylvania : 0.05294601455548235
return : 0.028613222814201048
sea : 0.1397838424808091
semester : 0.07469517553432155
session : 0.03730764530108021
south : 0.01816123919557453
students : 0.02951487559399368
summer : 0.046143944877762424
technology : 0.037227760368919095
transfer : 0.03293370101475858
universities : 0.06921591731664364
university : 1.0500688687128388
washington : 0.05269825773144883
wesleyan : 0.08406202932567215
