please : 0.03640661806953685
whilst : 0.059243715905711807
st : 0.04839109751490747
alternative : 0.034815626787030506
annual : 0.05222344018054575
benefit : 0.13926250714812202
birth : 0.03943951074685622
care : 0.07380011458209582
cash : 0.0407112382956612
child : 0.042321337601117955
consultants : 0.04878074172792028
cost : 0.044707824524877475
course : 0.03640661806953685
cover : 0.17407813393515248
day : 0.0221787606856106
days : 0.0285877556688718
delay : 0.04878074172792028
drugs : 0.037314334067673274
fees : 0.0407112382956612
following : 0.03848899493547968
full : 0.28735850911976196
home : 0.03417069676586634
hospital : 0.11708466563325097
hospitals : 0.038317767550128765
including : 0.015480669713953803
inpatient : 0.06906136869971212
insurance : 0.0285877556688718
limit : 0.2668345371651242
limits : 0.03943951074685622
luggage : 0.059243715905711807
managed : 0.05264231418609328
max : 0.1316057854652332
medical : 0.05434846362120505
na : 0.17407813393515248
nhs : 0.0888655738585677
night : 0.07462866813534655
nursing : 0.06963125357406101
pa : 0.1316057854652332
patient : 0.034109836576042676
payable : 0.059243715905711807
payment : 0.4007037300788666
personal : 0.032696636248220196
plan : 0.05307815172599225
practitioner : 0.04878074172792028
preexisting : 0.059243715905711807
preferred : 0.059243715905711807
private : 0.02750843485642415
reasons : 0.034815626787030506
resonable : 0.0888655738585677
rules : 0.03226073167660498
schedule : 0.07317111259188042
specialist : 0.04604091246647475
treatment : 0.03652897891385847
