addressed : 0.24390370863960137
car : 0.7281323613907368
cars : 0.21089670004150873
care : 0.24600038194031937
cool : 0.2302045623323737
council : 0.22036399672647067
interior : 0.3453068434985606
keep : 0.2668345371651242
park : 0.21957867893645897
shade : 0.4443278692928385
summer : 0.24390370863960137
sun : 0.21957867893645897
time : 0.08637480584930886
tips : 0.24390370863960137
try : 0.2302045623323737
