llnl : 0.15841168705458647
add : 0.14261295642264862
address : 0.10663922003690593
airport : 0.29902860674102155
ca : 0.08295599160337155
continue : 0.1396856423110731
directions : 0.19238938670411565
east : 0.2443293717177944
exit : 0.14951430337051078
gate : 0.11396789669154214
hour : 0.2739482907755681
international : 0.06425119928994454
laboratory : 0.14261295642264862
lawrence : 0.08078360983723079
livermore : 0.4752350611637594
miles : 0.11553660372098162
minutes : 0.1659119832067431
national : 0.03869659274734134
north : 0.06627998122249545
office : 0.05495344553835723
overpass : 0.1282595911360771
page : 0.05495344553835723
pcmdi : 0.23768826070441434
rush : 0.19238938670411565
san : 0.10663922003690593
south : 0.062347346929137314
traffic : 0.13220659858900285
west : 0.061891017427454405
