respected : 0.03476379238704273
abundant : 0.039123208616979495
ago : 0.03221369736749453
air : 0.06391277030270798
articles : 0.023494864907621
author : 0.025304186118009563
available : 0.015323273812462127
bc : 0.05214568858056409
books : 0.01968269004239889
bright : 0.039123208616979495
canadian : 0.02404210627233565
change : 0.01752580481518612
clean : 0.0911573597450922
coauthored : 0.05868481292546924
coming : 0.06442739473498905
company : 0.016585353658136036
convinced : 0.030404376157105967
cost : 0.01968269004239889
countries : 0.016245308241341846
decentralized : 0.03476379238704273
developed : 0.019403119208620062
developments : 0.023494864907621
devices : 0.045606564235658946
dioxide : 0.05868481292546924
discoveries : 0.039123208616979495
electrical : 0.045606564235658946
electricity : 0.058001915190762754
emissions : 0.039123208616979495
energy : 0.3140418298866801
energy” : 0.039123208616979495
energyrelated : 0.039123208616979495
energy’ : 0.07824641723395899
environment : 0.018878706573783263
free : 0.09460445673190307
fuel : 0.026044959927169202
generate : 0.03476379238704273
generators : 0.05868481292546924
heat : 0.05376956001313744
history : 0.011108445747460576
homes : 0.029000957595381377
include : 0.018394674868524592
independent : 0.021304256767569328
international : 0.013065757507598785
inventors : 0.07824641723395899
jeane : 0.05868481292546924
journalist : 0.027854281137557762
journals : 0.03476379238704273
landscape : 0.03476379238704273
library : 0.02028212513550785
life : 0.013585831192159245
light : 0.019135448677684238
lives : 0.037956279177014336
local : 0.01752580481518612
machines : 0.030404376157105967
magnetic : 0.05868481292546924
magnets : 0.039123208616979495
manning : 0.17605443877640772
means : 0.02691787113314401
newenergy : 0.039123208616979495
nonconventional : 0.05868481292546924
november : 0.04505072755326391
oil : 0.02028212513550785
online : 0.01997526875708375
o’leary : 0.039123208616979495
people : 0.01213918697453678
phd : 0.030404376157105967
physics : 0.05214568858056409
politics : 0.019403119208620062
power : 0.07323175698078971
production : 0.027248921320042786
provide : 0.016245308241341846
published : 0.0390674398907538
research : 0.019598636261398177
researchers : 0.05214568858056409
revolution : 0.08731403643879028
rivers : 0.039123208616979495
scene : 0.029000957595381377
science : 0.0187824195143069
scientist : 0.039123208616979495
shared : 0.04188953977614559
source : 0.03448717747771889
sources : 0.021685543697232443
space : 0.041209448942557216
stations : 0.029000957595381377
superefficient : 0.039123208616979495
systems : 0.015922708905571088
technologies : 0.027854281137557762
technology : 0.034652254934591356
tesla : 0.039123208616979495
theorists : 0.045606564235658946
time : 0.02281598645076083
vacuum : 0.07824641723395899
vancouver : 0.030404376157105967
vast : 0.030404376157105967
vehicles : 0.03606315940850348
visions : 0.03378804566494793
water : 0.019135448677684238
won’t : 0.039123208616979495
‘free : 0.039123208616979495
“i : 0.03221369736749453
