advertising : 0.13627843746454585
agnes : 0.08407470972138867
ashley : 0.10818417687129982
beth : 0.10818417687129982
brumbaugh : 0.10818417687129982
carol : 0.08907787619881094
community : 0.04402975158236179
contact : 0.13413460670306912
david : 0.05791684195136651
dee : 0.10818417687129982
email : 0.09163147745210945
editor : 0.18585565308888807
enter : 0.11553471393578305
form : 0.04586210837641094
groen : 0.10818417687129982
hallock : 0.10818417687129982
howard : 0.09612944329634424
information : 0.027580194467306147
interactive : 0.07702314262385537
jones : 0.05697654245101389
lewis : 0.0720199761464331
lynden : 0.4008504428946493
maggy : 0.10818417687129982
manager : 0.11151339185333284
mann : 0.09612944329634424
marlene : 0.10818417687129982
martin : 0.0649684090488998
mary : 0.08407470972138867
message : 0.07702314262385537
michael : 0.07434226123555523
neal : 0.10818417687129982
neese : 0.10818417687129982
newman : 0.10818417687129982
news : 0.04962251026283939
please : 0.09972247558177483
ric : 0.10818417687129982
roorda : 0.10818417687129982
roy : 0.10818417687129982
sales : 0.10495736328948313
sarah : 0.10818417687129982
staff : 0.08836635198374408
tribune : 0.35631150479524376
urie : 0.10818417687129982
weidkamp : 0.10818417687129982
