american : 0.0416576658097537
association : 0.06970534448794252
box : 0.09095063874562608
built : 0.14134566066611756
bureau : 0.09423044044407838
coast : 0.09095063874562608
corwith : 0.19852947351382144
cramer : 0.2647059646850953
cummins : 0.13235298234254764
diesel : 0.09423044044407838
education : 0.047090574146112084
feet : 0.37692176177631354
flag : 0.09095063874562608
ft : 0.09423044044407838
hole : 0.13235298234254764
horsepower : 0.13235298234254764
inches : 0.11760516999020838
length : 0.08810954528552985
ma : 0.05552494164798968
meet : 0.07473489295739423
oceans : 0.10897825279641764
po : 0.09423044044407838
persons : 0.0686139977988457
return : 0.06757590919949609
safety : 0.10292099669826854
sailing : 0.17640775498531255
school : 0.08998062090758245
sea : 0.11004259939978589
shipping : 0.10897825279641764
sq : 0.13235298234254764
ssv : 0.2647059646850953
steel : 0.09423044044407838
tons : 0.10285735763786912
vessel : 0.13235298234254764
vessels : 0.17640775498531255
westward : 0.19852947351382144
woods : 0.10897825279641764
world : 0.040209719783264
