inclusive : 0.12566848828484323
age : 0.08752683817953139
application : 0.05908592533526082
benefit : 0.18462832387061628
canada : 0.07546835394569171
certificate : 0.08635717214231164
cover : 0.11077699432236977
europe : 0.05908592533526082
excluding : 0.11166551494019787
expenses : 0.08128011298512162
extended : 0.24415635398888122
form : 0.0532741662958309
hrs : 0.10347430063498242
including : 0.049256676362580284
insurance : 0.12128138768612279
insured : 0.10347430063498242
limit : 0.11320253091853755
manual : 0.0976625415955525
max : 0.11166551494019787
months : 0.4036628378428575
period : 0.05565362156161642
person : 0.05695743006944614
personal : 0.06935650113258829
please : 0.0772261595414418
premium : 0.13973188659592845
premiums : 0.18850273242726484
protection : 0.062325170791325046
schedule : 0.10347430063498242
standard : 0.06618487254410704
stay : 0.24415635398888122
time : 0.05496578554046928
usa : 0.06322318619679643
usacan : 0.12566848828484323
ww : 0.08947132729033705
worldwide : 0.07546835394569171
