car : 0.7079064624632163
care : 0.38266726079605234
control : 0.16261025773071036
council : 0.3427884393522877
ride : 0.4094402214473921
shock : 0.4607844570444251
shocks : 0.6911766855666377
struts : 0.4607844570444251
worn : 0.8188804428947842
