amip : 0.23020125309805076
ecmwf : 0.028775156637256345
llnl : 0.028775156637256345
pcmdi : 0.2849588473838316
ability : 0.01664322265212504
access : 0.024964833978187558
addition : 0.019733370612345667
algorithms : 0.025905349762166508
analysis : 0.026244119258219192
atmospheric : 0.06003764074500598
change : 0.03131014568106284
climate : 0.26844767537228714
collaborating : 0.034947135787077185
common : 0.01622688572991312
comparison : 0.0130829768089276
comprehensive : 0.02098698606916707
computer : 0.018117179194077234
conditions : 0.0173319997425314
cooperation : 0.025905349762166508
coupled : 0.05242070368061578
current : 0.0130829768089276
data : 0.08533856346019561
detection : 0.028775156637256345
develop : 0.03489731990241491
developing : 0.02147581402978297
development : 0.025648047969484555
diagnosis : 0.08147689565696374
diagnostic : 0.05431793043797582
documentation : 0.04073844782848187
effort : 0.022603177487435507
experimentation : 0.03105305050303255
extensively : 0.028775156637256345
future : 0.013317093080840904
global : 0.05521603130786458
include : 0.016431198337614663
infrastructure : 0.07771604928649953
interannual : 0.03105305050303255
intercomparison : 0.17265093982353805
laboratory : 0.025905349762166508
lawrence : 0.02201126447812187
management : 0.01466108009806469
mission : 0.022603177487435507
model : 0.11804494616079085
modeling : 0.14928642811927023
models : 0.1395927911935893
national : 0.015815601811062265
natural : 0.016863563737255834
numerical : 0.038858024643249764
observational : 0.06989427157415437
observations : 0.038858024643249764
ocean : 0.02715896521898791
overview : 0.01530383487996213
pcmdis : 0.034947135787077185
predictability : 0.034947135787077185
principal : 0.038858024643249764
products : 0.0173319997425314
programme : 0.024881071353211708
project : 0.07137230859272621
provide : 0.01451125848524356
questions : 0.016863563737255834
regional : 0.020120971013957756
research : 0.0525199409926232
scales : 0.028775156637256345
scientists : 0.08632546991176902
significant : 0.020537307936169678
simulate : 0.028775156637256345
simulated : 0.028775156637256345
simulations : 0.030805961904254515
software : 0.0561272766101726
specific : 0.01285822773806412
staff : 0.01903020688788496
standards : 0.020120971013957756
storage : 0.04316273495588451
studies : 0.01658042743524145
subprojects : 0.05242070368061578
support : 0.019798223251616696
supporting : 0.03732160702981756
system : 0.009188891524882963
systematic : 0.05242070368061578
techniques : 0.018117179194077234
testing : 0.020537307936169678
time : 0.010190286083345428
tools : 0.051810699524333016
validation : 0.09315915150909765
variability : 0.04073844782848187
visualization : 0.034947135787077185
world : 0.010617173201198923
