available : 0.10294650152879485
cost : 0.132234410566539
culture : 0.08815627371102601
cum : 0.17522789211548562
education : 0.06234526717935967
fall : 0.14569020202225175
fell : 0.12989161289198983
gpa : 0.15570261942365618
hall : 0.14071345403677074
international : 0.08777980748062846
isu : 0.20426602009774006
majors : 0.17522789211548562
modern : 0.06994142399482735
monday : 0.13617734673182672
oisp : 0.14428106708258112
program : 0.13402127158897387
programs : 0.06447224048944827
society : 0.06338868328303147
spring : 0.15570261942365618
student : 0.09894478785908534
students : 0.1384289235605619
studies : 0.04156783216159124
sweden : 0.21642160062387164
swedish : 0.35045578423097123
university : 0.18761793871569432
uppsala : 0.35045578423097123
various : 0.05595728635218253
