foot : 0.42683149011930244
body : 0.3762334212636706
compression : 0.2073530056699913
direction : 0.13803828761399678
eastman : 0.17073259604772098
experience : 0.11100728040678581
feet : 0.29525538005811225
health : 0.15946325157404295
identify : 0.18424809965132646
ill : 0.1537050752555213
imbalance : 0.2073530056699913
maintain : 0.1537050752555213
people : 0.06433769096504494
reflexologist : 0.2073530056699913
reflexology : 0.3684961993026529
sense : 0.12742316324337896
session : 0.20705743142099517
step : 0.11493338159533194
technique : 0.12742316324337896
touchpoint : 0.2763721494769897
understand : 0.12742316324337896
yvette : 0.18424809965132646
