baron : 1.024395576286326
cigar : 0.9668591617959698
monthly : 0.8046731185527041
special : 1.1553542639698142
