feedback : 0.9530074119896197
comments : 0.2576333462283958
learnhome : 1.0725155465689207
messages : 0.33339971096412746
organizations : 0.21903915395698734
please : 0.26363413084837023
send : 0.27020724669694435
site : 0.24224413579293305
thank : 0.3532398538918365
website : 0.6936837228902621
