campus : 0.10347430063498242
caring : 0.12566848828484323
coast : 0.08635717214231164
colleges : 0.14649381239332873
conference : 0.06618487254410704
corporations : 0.07915161771930694
data : 0.05114567103001623
dont : 0.08128011298512162
educational : 0.09624447673867625
elementary : 0.08365956825090715
entertain : 0.12566848828484323
ep : 0.195325083191105
event : 0.1342069909355056
facility : 0.07385132954824652
foundations : 0.08635717214231164
healing : 0.08365956825090715
hospitals : 0.16256022597024325
institutions : 0.12192016947768243
market : 0.055031971891580996
media : 0.06154349782040344
meeting : 0.06618487254410704
museums : 0.18850273242726484
organizations : 0.06416298449245084
page : 0.10768654984284146
planners : 0.10347430063498242
programs : 0.06935650113258829
proven : 0.11166551494019787
public : 0.06908002681142987
robot : 0.12832596898490167
robots : 0.4247438774779298
schools : 0.07385132954824652
service : 0.07056878399967009
special : 0.058351225453020926
universities : 0.10347430063498242
visit : 0.13236974508821409
