nlpca : 0.19852947351382144
pca : 0.13235298234254764
analysis : 0.08282718489296129
approach : 0.07085571089794838
atmospheric : 0.09095063874562608
boyle : 0.23521033998041677
climate : 0.0813339339851355
common : 0.06145501404094756
component : 0.17640775498531255
concluded : 0.10897825279641764
considered : 0.07473489295739423
data : 0.1077323708930129
dominant : 0.09423044044407838
ecmwf : 0.10897825279641764
especially : 0.06658612163279623
global : 0.06970534448794252
identify : 0.11760516999020838
leading : 0.06222879370415766
linear : 0.21795650559283528
mode : 0.15428603645680367
model : 0.06386626266450082
modeldata : 0.13235298234254764
modelmodel : 0.13235298234254764
modes : 0.11760516999020838
nonlinear : 0.2647059646850953
pcmdi : 0.19621924500704846
precipitation : 0.10897825279641764
principal : 0.19621924500704846
principalcomponent : 0.13235298234254764
report : 0.04488758097715804
sk : 0.13235298234254764
sengupta : 0.3308824558563691
statistical : 0.18190127749125215
studies : 0.04709546941712199
variability : 0.10285735763786912
