animal : 0.27124425045091993
biological : 0.3659170688293964
community : 0.14892415976387077
faculty : 0.5029035318875795
illinois : 0.17204431200561235
institutional : 0.3012928165548017
isu : 0.4265555125570455
office : 0.15677894756531327
randy : 0.5488756032440947
representative : 0.3457063303328553
research : 0.12220326139460039
sciences : 0.260519452992452
services : 0.13943779814056945
university : 0.293842801076786
