cpac : 0.02906817836495205
cushrid : 0.02906817836495205
patent : 0.025829172848316793
updated : 0.0338852509975223
canada : 0.1483799529095784
united : 0.010014265075672988
aboriginal : 0.02906817836495205
accord : 0.025829172848316793
act : 0.011602432485123227
affairs : 0.016112156298411017
american : 0.013723670278446896
assembly : 0.022590167331681534
assessment : 0.017456465048185696
association : 0.01530911771464158
cable : 0.02069547056482095
canadian : 0.11610989174046213
centre : 0.0413909411296419
channel : 0.02393447608145621
civil : 0.019094036976401347
commission : 0.0205006072716968
communications : 0.027686856374563147
competition : 0.01830843493974623
comprehensive : 0.026184697572278544
constitutional : 0.08541216851958416
copyright : 0.08618976182552596
cornell : 0.0581363567299041
culture : 0.014624054751128145
dates : 0.02906817836495205
department : 0.02634946531250078
documents : 0.03491293009637139
economic : 0.02085613199565855
economics : 0.011948731420420994
electronic : 0.01830843493974623
employment : 0.053581912001245534
environmental : 0.06224707312530045
federal : 0.010515412413773911
findlaw : 0.10173862427733217
health : 0.02794332679451687
house : 0.017572556799500687
human : 0.06092258937450114
includes : 0.010515412413773911
including : 0.007595655700771725
indian : 0.018800773797960375
industry : 0.011280035889389809
information : 0.02593698194647365
intellectual : 0.0799005611410173
international : 0.06310028216870721
internet : 0.08206869086442825
justice : 0.014624054751128145
law : 0.2916129402839974
lawwebutorontoca : 0.02906817836495205
laws : 0.012322762764689856
legal : 0.023897462840841988
library : 0.10548600596177679
links : 0.03590171412218432
list : 0.024620607259328475
maintained : 0.022590167331681534
national : 0.013155033282098518
nations : 0.02162450435166301
net : 0.018800773797960375
network : 0.017456465048185696
online : 0.014841438001758486
organisation : 0.02393447608145621
parliamentary : 0.017456465048185696
please : 0.017863060267763402
practice : 0.017456465048185696
property : 0.06781243240399937
public : 0.007989395624219107
related : 0.013021509185114919
representatives : 0.02562365055587525
resource : 0.02154744045638149
resources : 0.02517971631293063
rights : 0.06215102266975076
rules : 0.015828863673100574
safety : 0.01506942942311097
school : 0.05269893062500156
site : 0.024620607259328475
society : 0.021030824827547822
technology : 0.01930972617266364
telecommunications : 0.02069547056482095
trade : 0.04452431400527546
trademark : 0.02906817836495205
university : 0.05446618898463789
virtual : 0.04786895216291242
wide : 0.017863060267763402
world : 0.0264933200441132
yahoo : 0.043602267547428075
yale : 0.02906817836495205
