sample : 0.2794637731918569
accounting : 0.2684139818710112
ashland : 0.3349965448205936
asset : 0.3770054648545297
composites : 0.3770054648545297
fees : 0.38860727464040234
gross : 0.2794637731918569
list : 0.2128812102422745
management : 0.15816195499730393
mandate : 0.3770054648545297
quarterly : 0.3770054648545297
reports : 0.20529556521475897
returns : 0.29298762478665746
services : 0.28732637192602195
weighted : 0.3349965448205936
