activities : 0.4288163350330769
answer : 0.7317111259188042
bible : 1.3812273739942424
time : 0.2591244175479266
waldo : 0.888655738585677
wheres : 0.888655738585677
