award : 0.11055206950976963
children : 0.04804487871749298
client : 0.25211315949228985
clients : 0.2576333462283958
coast : 0.07370137967317976
community : 0.04365018475837591
company : 0.06820011805974903
costs : 0.05107747641514236
coverage : 0.08612633824664416
custom : 0.10725155465689205
educational : 0.054759788489246834
example : 0.07291533073545475
exceeded : 0.10725155465689205
industry : 0.04161944276430033
letters : 0.07950262513216619
local : 0.12011219679373246
marketing : 0.0926258493228745
mascot : 0.14295111179844294
mascots : 0.10725155465689205
media : 0.12255644824580342
outreach : 0.1324649452094387
positive : 0.09661250483564841
private : 0.04979975275731958
proclamations : 0.10725155465689205
program : 0.11484236548227589
programs : 0.09865364385238852
public : 0.05895622977872031
ran : 0.09530074119896197
recognition : 0.08830996347295912
regional : 0.06175056621524967
results : 0.05395771925416247
robot : 0.08213968273387025
robotic : 0.07370137967317976
sent : 0.07139911428310178
service : 0.06022680703420119
spot : 0.08830996347295912
stock : 0.06440833655709895
study : 0.028736435836193078
