st : 0.1505500811574899
art : 0.21861244928054907
arts : 0.17881624856726758
available : 0.10828446827473237
cost : 0.13909100963295215
design : 0.12837269599664602
fall : 0.1532445087937759
fell : 0.20494010034069507
florence : 0.45528692279392263
hall : 0.14800970720904774
international : 0.1384970295805471
isu : 0.429715183020431
monday : 0.2148575915102155
oisp : 0.22764346139696132
spring : 0.2456641328684353
students : 0.291213439194071
studies : 0.06558480185495508
university : 0.14800970720904774
