horizontally : 0.11553471393578305
antarctica : 0.27046044217824955
approximately : 0.07702314262385537
blue : 0.0649684090488998
degrees : 0.0664816503878499
extensive : 0.08407470972138867
feet : 0.15404628524771075
floes : 0.10818417687129982
formation : 0.0649684090488998
heat : 0.07434226123555523
ice : 0.6014546423042137
image : 0.13808990140766592
imaging : 0.0934312914908995
kilometer : 0.10818417687129982
lband : 0.07434226123555523
meter : 0.09612944329634424
meters : 0.0801939523072285
mile : 0.10818417687129982
ocean : 0.16814941944277734
oceans : 0.08907787619881094
october : 0.05523596056306637
patches : 0.10818417687129982
periods : 0.0801939523072285
radar : 0.11583368390273302
received : 0.08546481367652083
region : 0.06357636195892526
salt : 0.09612944329634424
sea : 0.38977407671460396
southern : 0.0934312914908995
system : 0.028445612024855085
transmitted : 0.09745261357334971
water : 0.13228418868486058
weddell : 0.27046044217824955
winds : 0.10818417687129982
