home : 0.6834139353173269
nheri : 1.777311477171354
sheet : 2.368904138374197
