super : 0.30183989021377716
ep : 0.0659972124092812
answers : 0.03496230635789508
bodies : 0.031475442031847364
body : 0.033019022831526426
bring : 0.05099909242746401
care : 0.05289428007590485
centers : 0.028267226132559064
change : 0.01902118065265934
child : 0.04044359907274071
childs : 0.0329986062046406
children : 0.25678593881090106
childrens : 0.039140220791481585
contact : 0.02105867545508935
die : 0.029178703215320314
difficult : 0.028267226132559064
energy : 0.019476411877906247
engage : 0.03023092628581354
facilities : 0.027463246366986487
facility : 0.03742976941267784
gowell : 0.06369204952320552
healing : 0.05653445226511813
help : 0.019964186376077886
hope : 0.031475442031847364
hospital : 0.03596457306140815
hospitals : 0.08238973910095945
including : 0.011095360545837197
information : 0.016237486503789453
interact : 0.04246136634880368
kent : 0.06369204952320552
kids : 0.07868860507961842
laughter : 0.06369204952320552
lessons : 0.056594979415083214
life : 0.02211754770873706
look : 0.05122379428722763
love : 0.035303769090716294
meaningful : 0.04246136634880368
media : 0.013863040464664257
meeting : 0.02236280676404982
meets : 0.037729986276722145
mental : 0.02444732314323878
moods : 0.04246136634880368
page : 0.018192778898363998
parents : 0.026093480527654395
patient : 0.02444732314323878
patients : 0.026093480527654395
personal : 0.023434449188144166
perspective : 0.022012681887684286
please : 0.05218696105530879
positive : 0.08924841174806203
power : 0.13511634069561407
powers : 0.02444732314323878
professionals : 0.05835740643064063
program : 0.05845705975792102
project : 0.021679643224411717
questions : 0.020489517714891048
read : 0.031475442031847364
rehabilitation : 0.029178703215320314
robot : 0.14091768095867616
robots : 0.16960762342975355
schools : 0.024953179608451895
situations : 0.04534638942872031
skills : 0.05492649273397297
special : 0.09857971535578619
teach : 0.08753610964596094
teaches : 0.03023092628581354
teaching : 0.024953179608451895
techniques : 0.022012681887684286
tour : 0.1511546314290677
visit : 0.02236280676404982
visits : 0.03496230635789508
wheelchairs : 0.04246136634880368
