amip : 2.048791152572652
ii : 0.5849506608190821
ozone : 1.244118034019948
recommendation : 1.1054885979079587
