available : 0.19234741075116932
cost : 0.2470695565848492
credit : 0.25459404446413797
england : 0.181473760413682
estimated : 0.20119446827901938
fell : 0.2426922240876652
full : 0.16716145959875348
hall : 0.2629119799108085
hours : 0.1924021480335896
international : 0.10933976019516876
isu : 0.3816549322878828
leicester : 0.6547989652736568
oisp : 0.2695777832332436
studies : 0.07766621272297311
university : 0.2629119799108085
