ap : 0.5043721759540329
pesci : 0.3362481173026886
boat : 0.46212756984264064
disney : 0.2987807021372862
glover : 0.3362481173026886
landed : 0.3362481173026886
movie : 0.5537273385331491
newspress : 0.3362481173026886
people : 0.1564970861311904
ramp : 0.3362481173026886
report : 0.11403871923926638
stars : 0.2987807021372862
stillwater : 0.3362481173026886
stunt : 0.5043721759540329
wrong : 0.2393962541011721
