parents : 0.044193004593079406
academic : 0.17920124223180223
advantage : 0.053308118585729924
amount : 0.097901064336518
approach : 0.03849963482316271
arrangement : 0.06390107502358143
behavioral : 0.05921361712637721
child : 0.06849696259140478
children : 0.12886025274518348
christian : 0.044193004593079406
classrooms : 0.251700180293053
community : 0.029268331976714485
difference : 0.053308118585729924
divided : 0.06390107502358143
dr : 0.16776717380873835
duvall : 0.21574301167975973
duvalls : 0.10787150583987987
education : 0.12793392976111376
educational : 0.05507631905854883
full : 0.05507631905854883
home : 0.19356810884710415
increased : 0.044193004593079406
interactions : 0.06390107502358143
kind : 0.04651289702616786
measure : 0.04941826613924191
measured : 0.08383171923086441
methodology : 0.05120035492337206
national : 0.021696933505734744
objective : 0.05120035492337206
psychologist : 0.07191433722658658
public : 0.05929701723408863
reading : 0.04140500393623677
research : 0.06004206484705799
responses : 0.05921361712637721
results : 0.03617974239007425
school : 0.09778240884754624
schools : 0.12678523049612261
sitting : 0.053308118585729924
special : 0.1669587086661581
spends : 0.07191433722658658
spent : 0.06390107502358143
teachers : 0.044193004593079406
time : 0.1048480302217044
