internet : 1.3172024883740734
powerpoint : 2.332721313787402
slide : 1.5551475425249348
