canada : 0.35022033002922554
canadian : 0.23891843108133554
cash : 0.2671675013152766
currency : 0.27680191880448024
foreign : 0.1360961813915743
metro : 0.48018542638421524
money : 0.7220964149811339
purchase : 0.2881970161041024
savings : 0.41520287820672036
service : 0.14554811699931955
surrey : 0.45321523209186076
