internet : 0.04467459420028654
act : 0.0276318662364302
admin : 0.016286098192151446
administration : 0.012446767523635206
administrations : 0.014082132594186595
affecting : 0.015371369821875513
alternative : 0.0116236591816795
amendment : 0.023247318363359
analysis : 0.012377989475259714
announces : 0.019779301017805215
annual : 0.01743548877251925
april : 0.020197569045318386
august : 0.016752972825107453
bill : 0.039238104345571886
burns : 0.03515067083968073
calls : 0.024429147288227166
capacity : 0.029323702751450804
cda : 0.0732874418646815
cdt : 0.12792895366497678
cdts : 0.019779301017805215
censorship : 0.013167404223910663
challenge : 0.0219927770635881
changes : 0.008661629916162986
clinton : 0.027921621375179086
clipper : 0.019779301017805215
coalition : 0.03416406525104433
comm : 0.019779301017805215
commission : 0.009299692540843911
committee : 0.009809526086392972
communications : 0.028259080751143945
concern : 0.011168648550071636
conferees : 0.029668951526707815
congress : 0.018368112304766523
constitutional : 0.0116236591816795
consumer : 0.011168648550071636
content : 0.012154832741816753
controls : 0.01359198734831296
court : 0.008297845015756805
crypto : 0.09889650508902606
cyberporn : 0.019779301017805215
december : 0.015625522373290773
decency : 0.05933790305341563
digital : 0.014661851375725402
draft : 0.014082132594186595
edt : 0.019779301017805215
electronic : 0.012457885777760552
encryption : 0.03257219638430289
enforcement : 0.012457885777760552
escrow : 0.017575335419840365
exon : 0.05933790305341563
fbi : 0.0513164798150389
fcc : 0.0219927770635881
february : 0.04224639778255978
federal : 0.007155161388068736
health : 0.015211120976856243
hearing : 0.035205331485466486
house : 0.027900042486117674
id : 0.015371369821875513
indecency : 0.016286098192151446
industry : 0.007675445724417867
information : 0.012606209712798914
interactive : 0.02816426518837319
interestindustry : 0.019779301017805215
introduces : 0.026363003129760542
issues : 0.028382907771516246
january : 0.031982238416244195
join : 0.031144714444401377
judiciary : 0.017575335419840365
july : 0.019619052172785943
june : 0.052494209535050754
key : 0.012711806559349724
law : 0.010872691024374494
leahy : 0.05933790305341563
led : 0.012154832741816753
legal : 0.008130456356025733
legislation : 0.027921621375179086
live : 0.013167404223910663
march : 0.054729769291185455
media : 0.009686496477297203
national : 0.005967519072324501
net : 0.01279289536649768
notice : 0.018686828666640825
november : 0.028470054375870274
october : 0.02524696130664798
online : 0.05049392261329596
papers : 0.012457885777760552
passes : 0.029668951526707815
policy : 0.30511625854379965
position : 0.007746901545887054
post : 0.43149656233449474
posts : 0.029323702751450804
president : 0.006923812089873416
privacy : 0.07675737219898607
proposed : 0.011878166996221746
public : 0.013590863780468115
publications : 0.013167404223910663
records : 0.012457885777760552
regulations : 0.0116236591816795
remain : 0.013167404223910663
report : 0.013416319910501927
reports : 0.02154134706545961
representatives : 0.01743548877251925
request : 0.011878166996221746
revised : 0.019779301017805215
sen : 0.03955860203561043
senate : 0.05049392261329596
senator : 0.08064018256648971
senators : 0.017575335419840365
september : 0.029059147954198745
subject : 0.029109882828304148
surveillance : 0.03842842455468878
sweeping : 0.026363003129760542
system : 0.0052007080808558585
telephony : 0.029668951526707815
testimony : 0.02112319889127989
tonight : 0.019779301017805215
trade : 0.010098784522659193
unconstitutional : 0.017575335419840365
unveils : 0.019779301017805215
volume : 0.04611410946562653
vote : 0.010098784522659193
