july : 0.26826921340613824
june : 0.26101863871578596
housing : 0.38511571311927684
market : 0.23687674857680513
press : 0.2138600047309719
prospects : 0.7947045244865657
regional : 0.6228752766059966
releases : 0.4203735486069433
uk : 0.324842045244499
