aw : 3.1102950850498696
index : 1.9113474486506843
