company : 0.29300791462706993
construction : 0.4247438774779298
financials : 0.6911766855666377
knudsen : 0.8536629802386049
mk : 1.7073259604772097
morrison : 0.6705609321272533
