amwtp : 0.12293656462647706
bel : 0.04917462585059082
doe : 0.06554280224750743
inel : 0.17211119047706788
msc : 0.04917462585059082
psc : 0.04917462585059082
rmrs : 0.09834925170118164
saic : 0.038215777146085754
additional : 0.027767114379427107
advanced : 0.052515779061719566
bnfl : 0.31963506802884034
boise : 0.04917462585059082
colorado : 0.040489943726732244
construction : 0.07554732998619305
corporation : 0.06581459312655286
cubic : 0.04917462585059082
december : 0.025898428386824494
design : 0.04566617644149463
duratek : 0.04917462585059082
engineering : 0.0795131540071842
experience : 0.05265167450124228
expertise : 0.04917462585059082
extends : 0.04917462585059082
facility : 0.1011442122073811
flats : 0.06554280224750743
gts : 0.04917462585059082
idaho : 0.12293656462647706
including : 0.012849567746760071
inels : 0.04917462585059082
information : 0.012536452030593701
international : 0.01642257267753523
jointly : 0.04917462585059082
kingdom : 0.033791936925252376
knudsen : 0.08097988745346449
led : 0.03021893199447722
majority : 0.027767114379427107
management : 0.04125964043407929
meet : 0.027767114379427107
meters : 0.03645179650328568
mixed : 0.08739040299667658
mk : 0.20244971863366124
morrison : 0.06361052320574735
news : 0.022555686483108815
nuclear : 0.08330134313828132
operation : 0.03021893199447722
operations : 0.04246876885949977
owned : 0.04917462585059082
percent : 0.025898428386824494
phase : 0.057323665719128634
plant : 0.03021893199447722
plutoniumcontaminated : 0.04917462585059082
president : 0.01721374626296592
project : 0.0251072548013938
proven : 0.06554280224750743
provide : 0.030628506051857945
radioactive : 0.040489943726732244
releases : 0.038215777146085754
return : 0.0251072548013938
rocky : 0.09834925170118164
services : 0.0374773528599159
site : 0.04165067156914066
specialty : 0.04369520149833829
support : 0.018572246317722117
team : 0.10335883257779514
technologies : 0.052515779061719566
total : 0.022555686483108815
treat : 0.08097988745346449
treated : 0.040489943726732244
treatment : 0.07074782477387609
unique : 0.032736352793833225
united : 0.016941128270308452
waste : 0.35437314026672617
