governments : 0.08978530032901794
womens : 0.11185795366734536
fwcw : 0.03049308906911637
abuse : 0.017218333181360436
acknowledging : 0.03049308906911637
action : 0.06752093792401992
actively : 0.03049308906911637
advancement : 0.02709530877225389
amnesty : 0.1761195070196503
amnestys : 0.03049308906911637
beijing : 0.07532320413870043
body : 0.015808126943851704
campaigning : 0.02510773471290014
children : 0.020489727688342594
commitments : 0.03049308906911637
concept : 0.015808126943851704
conference : 0.1284765172915019
conflict : 0.014714286006036954
cultural : 0.022684529074783747
declaration : 0.05916714107005176
delegation : 0.02260368753757666
die : 0.020954313828649145
discrimination : 0.02810805071545124
education : 0.010849298945427785
enjoyment : 0.02709530877225389
ensure : 0.01831217411917519
equal : 0.021709954416037666
focus : 0.02810805071545124
following : 0.019810512099143952
form : 0.012926819762958968
forms : 0.02490718254443767
fourth : 0.054274886040094165
freedoms : 0.04064296315838083
full : 0.015568959472432923
fundamental : 0.03390553130636499
gender : 0.02709530877225389
girls : 0.037661602069350215
home : 0.011725239086326687
human : 0.21496660546671123
implementation : 0.040599496357057875
inalienable : 0.03049308906911637
include : 0.014337026000467696
indivisible : 0.04573963360367455
information : 0.011660743984338995
integral : 0.03049308906911637
international : 0.0814688409297336
internationals : 0.03049308906911637
irish : 0.019722380356683923
march : 0.015340920180105015
national : 0.013799887854750406
ngos : 0.02709530877225389
objective : 0.021709954416037666
page : 0.01959736844566416
platform : 0.08294134966386996
principle : 0.020954313828649145
promote : 0.04341990883207533
promotion : 0.040599496357057875
protect : 0.016901967881666462
protection : 0.022684529074783747
purposes : 0.020954313828649145
real : 0.02490718254443767
reality : 0.027468261178762787
religious : 0.015568959472432923
rights : 0.25076015933873796
section : 0.019722380356683923
september : 0.01791980790508923
sexual : 0.02958357053502588
situation : 0.014914393822312712
specification : 0.02709530877225389
statement : 0.016604788362958447
step : 0.016901967881666462
un : 0.05170727905183587
undertook : 0.03049308906911637
universal : 0.03554629271308712
universality : 0.03049308906911637
various : 0.00973766502697294
violations : 0.039444760713367846
violence : 0.03747740095393499
women : 0.21557105290230577
world : 0.05095202237242032
worlds : 0.0325649316240565
worldwide : 0.027468261178762787
