adam : 0.20487911525726518
automotive : 0.19337183235919395
complexes : 0.24882360680398957
construction : 0.15290779589205475
corporation : 0.13320873648814296
information : 0.06343444727480414
knudsen : 0.30731867288589776
mk : 0.40975823051453036
mks : 0.24882360680398957
morrison : 0.16093462371054082
news : 0.11413177360453061
opel : 0.24882360680398957
poland : 0.33129189027359224
president : 0.08710155609060756
programmanagement : 0.24882360680398957
projects : 0.18444609030662557
releases : 0.19337183235919395
return : 0.12704270929505265
rsselsheim : 0.24882360680398957
services : 0.14222655410338084
thailand : 0.3867436647183879
