lynden : 1.2804944703579073
alumni : 0.19439344281561685
county : 0.14261889092586533
dairy : 0.29159016422342526
decade : 0.1440985080520512
effort : 0.12573017477386
figures : 0.12243765865955292
history : 0.13798772451923683
home : 0.07474839917533263
increase : 0.10775004524562369
industry : 0.07543524001029435
introduced : 0.1440985080520512
local : 0.13062201401318405
look : 0.09380357328848558
poultry : 0.1600618087947384
pounds : 0.17273259342311856
tribune : 0.48018542638421524
war : 0.2242451975259979
