applications : 0.04947239392954267
audience : 0.07214053354129056
business : 0.02839292324941934
chapter : 0.04690448467892358
comprehensive : 0.05261526084946111
connection : 0.18035133385322638
designed : 0.040187244226947395
easy : 0.09356684579306374
environment : 0.06341650025137054
environments : 0.07785130971182809
family : 0.07941951516725589
functions : 0.04856340067408392
ibm : 0.2059515950782086
information : 0.05584018246021491
install : 0.07785130971182809
integrated : 0.09741870966899237
internet : 0.14841718178862798
lotus : 0.11677696456774213
management : 0.03675594728810584
network : 0.05261526084946111
networks : 0.09356684579306374
nt : 0.08761394605774281
os : 0.18415341297311388
page : 0.05630793187204913
product : 0.045420533754165465
products : 0.04345205569254352
quickly : 0.07785130971182809
secure : 0.2183226401838154
server : 0.5838848228387106
servers : 0.31140523884731236
software : 0.21107018105515613
solutions : 0.05518317010008019
suppliers : 0.06808867336591336
system : 0.023036939315903768
systems : 0.0713157948165015
technology : 0.038800764328169195
unix : 0.08761394605774281
warp : 0.07785130971182809
windows : 0.15570261942365618
