barons : 0.6402472351789537
baron : 0.3201236175894768
cigar : 1.3596456962755823
feet : 0.27680191880448024
indian : 0.50292069909544
indians : 0.3454651868462371
store : 0.6121882932977646
tall : 0.3887868856312337
treasure : 0.3887868856312337
