cgi : 0.07086465371204864
icapi : 0.05316743735127983
access : 0.05064091678766252
addresses : 0.05480359001339007
appropriate : 0.16743611440622622
based : 0.020631860515636063
book : 0.018031763298516478
change : 0.023817119364227292
clients : 0.031928918977023414
configuration : 0.07086465371204864
configure : 0.10633487470255966
connection : 0.1969991492858319
control : 0.0187627220458512
create : 0.030021709136731023
customize : 0.07975115602691973
date : 0.03124479327041199
directives : 0.05316743735127983
documentation : 0.04131876759811837
documents : 0.031928918977023414
dynamic : 0.05316743735127983
error : 0.05911733663673895
errors : 0.04131876759811837
example : 0.04819474852030058
file : 0.08539021569752754
files : 0.030021709136731023
guide : 0.03267260595984076
html : 0.10633487470255966
httpwwwicsraleighibmcom : 0.05316743735127983
ibm : 0.04686718990561798
include : 0.03749683723199244
includes : 0.019233318432030917
information : 0.054217476303251404
install : 0.07086465371204864
interface : 0.06197815139717754
internet : 0.1501085456836551
ip : 0.07975115602691973
logs : 0.05316743735127983
map : 0.03785325385360414
mean : 0.039411557757825975
messages : 0.06197815139717754
multiple : 0.07078886544307528
overview : 0.023282757338745807
page : 0.034169770623209306
program : 0.016265829543277172
programs : 0.03912418012607545
provides : 0.02468705692243193
reports : 0.028951938684132678
response : 0.04420514676743536
road : 0.03348722288124525
running : 0.1324863884876145
section : 0.17193870054544957
secure : 0.1135597615608124
server : 0.7558896395951855
serverside : 0.05316743735127983
service : 0.01990401599990695
support : 0.030120373835792923
table : 0.03539443272153764
version : 0.06197815139717754
view : 0.023817119364227292
web : 0.04503256370509653
welcome : 0.05316743735127983
write : 0.06877548021817984
