bay : 0.7668793756333153
community : 0.37506825422011897
conventual : 0.4607844570444251
gaines : 0.4607844570444251
marytown : 0.4607844570444251
misery : 1.0742879575510773
questions : 0.22234921075789174
school : 0.20884391025463583
st : 0.25091680192914984
