horizontally : 0.10220378540473117
th : 0.04014880396085408
acquired : 0.07094080396408675
april : 0.07329387074714576
blue : 0.05747205415864214
cband : 0.07094080396408675
centered : 0.09570138723230369
change : 0.042870814855609125
changes : 0.06286344481461367
conditions : 0.047463014679547534
cover : 0.11248125577348315
dark : 0.07879965971433277
data : 0.09737348907637704
degrees : 0.05881069072771337
effort : 0.06189793219636185
elevations : 0.09570138723230369
experimental : 0.06813585693648745
following : 0.04144968685359351
glaciers : 0.07879965971433277
green : 0.05624062788674158
image : 0.12215645124524294
imaging : 0.05510050523822278
kilometers : 0.06189793219636185
left : 0.047463014679547534
mammoth : 0.2392534680807592
miles : 0.05747205415864214
mission : 0.1237958643927237
missions : 0.07879965971433277
mountain : 0.21259396113614593
october : 0.07329387074714576
orbit : 0.09570138723230369
parallel : 0.07879965971433277
polarization : 0.11819948957149914
processing : 0.11156067251491959
radar : 0.0768511941277748
received : 0.07560348902153766
red : 0.05510050523822278
sar : 0.11156067251491959
seasonal : 0.17007516890891675
september : 0.05624062788674158
shuttle : 0.0657643080160681
ski : 0.09570138723230369
snow : 0.29749512670645223
snowpack : 0.08503758445445837
space : 0.05040232601435844
storm : 0.08503758445445837
transmitted : 0.08620808123796321
vertically : 0.07094080396408675
