fiberglass : 0.4785069361615184
article : 0.2701953822305792
boat : 0.3288215400803405
hull : 0.42518792227229185
industry : 0.18568674464072457
ongoing : 0.3939982985716638
page : 0.30752793560888375
process : 0.39738523236513135
project : 0.24431290249048587
scrimp : 1.196267340403796
