benefits : 0.37521429315394234
coverage : 0.4162773015254468
insurance : 1.8760714657697117
travel : 0.48975063463821167
