atemi : 1.6588240453599303
click : 0.31143021519753444
corporation : 0.6660436824407149
free : 0.3342690804527242
info : 1.1054885979079587
