cpj : 0.1976022060885515
alert : 0.11969812705058605
argentina : 0.0673096129785899
argentine : 0.2802067644189072
committee : 0.05558731448956017
dec : 0.11192293590324064
decision : 0.07445552073783819
defense : 0.053378263641049674
dictatorship : 0.09959356737909539
duty : 0.0770212616404401
freedom : 0.12409253456306363
government : 0.03140997037155915
independent : 0.06103381668546888
index : 0.0688773855369616
job : 0.06103381668546888
journalist : 0.07979875136705737
journalists : 0.21001377374256772
judge : 0.06453212325197263
legal : 0.04607258601747915
libel : 0.22416541153512573
menem : 0.5604135288378144
military : 0.04607258601747915
news : 0.10282141766173929
pagina : 0.2802067644189072
people : 0.03477713025137564
president : 0.09808733793987337
press : 0.15509667009768682
protect : 0.062126152213692935
society : 0.0405459145323895
sued : 0.09228788975552485
suit : 0.0871044289906279
verbitsky : 0.11208270576756287
verdict : 0.11208270576756287
victory : 0.0871044289906279
website : 0.07249307374348685
