hra : 0.08639708569582971
ali : 0.34558834278331885
allegations : 0.1007144960204135
amnesty : 0.07677004152138601
arms : 0.05937055584783924
body : 0.04478969300757983
branch : 0.13970019419317778
broken : 0.0711385816865504
closed : 0.05751595317249865
continue : 0.0470469003617156
defenders : 0.1422771633731008
ekber : 0.34558834278331885
forces : 0.04346594051029754
genitals : 0.08639708569582971
harassment : 0.0640437813564672
human : 0.18107547397421175
international : 0.028853547829280648
justice : 0.04346594051029754
kaya : 0.30708016608554406
letters : 0.0640437813564672
minister : 0.056751721013192896
officers : 0.050772789064419475
organisation : 0.0711385816865504
page : 0.03701725150847674
people : 0.040211056853153085
police : 0.09250606700565484
prime : 0.04346594051029754
released : 0.0640437813564672
remain : 0.05751595317249865
responsible : 0.0470469003617156
ribs : 0.08639708569582971
rights : 0.15630716598781336
risk : 0.054416737182023514
security : 0.0489456074831635
send : 0.054416737182023514
threats : 0.11515506228207903
torture : 0.2686951453248511
torturers : 0.08639708569582971
tunceli : 0.12959562854374457
turkey : 0.1921313440694016
turkish : 0.061511537512106716
water : 0.04225744916321935
write : 0.05588007767727111
