city : 0.1990670469846464
community : 0.11775398679003735
county : 0.1415133181279904
exit : 0.22485096785952782
front : 0.21447219803095993
head : 0.1633739520463967
hub : 0.28932977535347626
info : 0.25709037160650206
lynden : 0.9529261174756519
north : 0.19935374197153669
st : 0.15755241051365224
top : 0.16037216036557944
tribune : 0.47646305873782596
wa : 0.28932977535347626
washington : 0.1360350373997865
whatcom : 0.28932977535347626
