baron : 0.291021470535888
barons : 0.23281717642871042
box : 0.19430363732020117
choice : 0.17375885896824403
cigar : 0.49441661682748456
cigars : 0.3768711129231677
claro : 0.4241311479613458
corona : 0.2120655739806729
home : 0.10872494425502928
length : 0.18823402856454105
maduro : 0.14137704932044862
natural : 0.40932468344066436
petit : 0.2120655739806729
philip : 0.1256237043077226
premium : 0.10479891494694633
price : 0.14436671510801438
prince : 0.10479891494694633
ring : 0.2512474086154452
single : 0.16616549148355467
wrapper : 0.28275409864089723
