address : 0.08729117589518881
bay : 0.2620980144569559
business : 0.05103538103060185
charge : 0.1018573567788233
charges : 0.14878500292806432
complete : 0.08892506250626656
doing : 0.10483920578278236
email : 0.13338759375939985
fax : 0.09067171748061977
hour : 0.16818344433689938
information : 0.08029676870228371
mail : 0.09919000195204286
mailmiserybaycom : 0.15748329544556303
misery : 0.3059680891759398
newsletter : 0.19450548916828972
phone : 0.08164197206444931
please : 0.09677708600762958
press : 0.12452607870411021
publications : 0.20967841156556472
questions : 0.07599276823370985
releases : 0.18358085350556388
requests : 0.10483920578278236
scanning : 0.15748329544556303
send : 0.14878500292806432
services : 0.15002801065757473
site : 0.08892506250626656
web : 0.08892506250626656
writing : 0.165881072958648
