xx : 0.1282595911360771
april : 0.1309718652526316
austria : 0.2565191822721542
backscatter : 0.14951430337051078
blue : 0.15404880496130882
border : 0.09507530428176575
center : 0.057455731249785424
core : 0.11396789669154214
corner : 0.1282595911360771
data : 0.1305005523704022
degrees : 0.07881845149074987
east : 0.0610823429294486
feet : 0.09131609692518936
gepatschferner : 0.1282595911360771
glacier : 0.2849197417288553
glaciers : 0.10560779136972431
image : 0.1309718652526316
imaging : 0.07384603794813363
kilometers : 0.12443398740505733
left : 0.06361022585918741
level : 0.05616665172439709
light : 0.06273270803611945
miles : 0.11553660372098162
obtained : 0.09507530428176575
october : 0.16371483156578948
oetztal : 0.19238938670411565
radar : 0.20599289147650976
reflectors : 0.1282595911360771
research : 0.04283413285996302
seen : 0.11360223782680465
sets : 0.09967620224700718
slopes : 0.1282595911360771
test : 0.07109281335793728
valley : 0.09507530428176575
venter : 0.1282595911360771
