bank : 0.13593185198119967
canadian : 0.18647292181957897
cash : 0.20852097663631347
currencies : 0.30344342293169463
currency : 0.5401013049843517
draft : 0.7561418269780924
foreign : 0.26555352466648646
metro : 0.2498525795820307
money : 0.42269058437920026
purchase : 0.2249342564714946
savings : 0.2160405219937407
service : 0.11359853034093234
surrey : 0.23581930775511456
