abc : 0.2249342564714946
board : 0.17134341312183068
cbs : 0.30344342293169463
center : 0.13593185198119967
chair : 0.3537289616326718
cnn : 0.2696313653434046
cpj : 0.1783239420799123
directors : 0.45516513439754186
john : 0.20389777797179948
journalists : 0.1624496786440768
magazine : 0.2249342564714946
nbc : 0.30344342293169463
news : 0.417555269284868
times : 0.20389777797179948
walter : 0.2696313653434046
york : 0.19713875454757884
