county : 0.4346480485359705
cdt : 0.4310748849389486
conducted : 0.4095744532822895
estimated : 0.27304963552152633
historical : 0.1678135113708463
illinois : 0.2089109502925293
interceptions : 0.658736036809377
islands : 0.2668345371651242
page : 0.19037443632930898
requirement : 0.2611172009027287
simultaneous : 0.3293680184046885
