antideath : 0.12078815864271338
cor : 0.12078815864271338
considered : 0.06820465959218502
country : 0.053492315869903155
courts : 0.07098331675025635
crime : 0.0669514844244652
day : 0.06782824869871203
death : 0.19284819819932975
electrocution : 0.12078815864271338
evidence : 0.13640931918437005
executed : 0.14918382178927075
execution : 0.160993485132227
government : 0.03384957972080646
human : 0.06904201655503925
inmates : 0.12078815864271338
innocence : 0.12078815864271338
innocent : 0.12078815864271338
irish : 0.07812360374298097
irrevocable : 0.10732899008815133
jury : 0.08041065297902723
objection : 0.12078815864271338
page : 0.10350454790719711
penalty : 0.2734326131004334
person : 0.05474549103762298
political : 0.03407149614456612
punishment : 0.07812360374298097
rights : 0.059598142724391324
row : 0.12078815864271338
rule : 0.15903646557928633
sections : 0.10732899008815133
society : 0.043695111777623634
time : 0.035220794618164776
trial : 0.21761263225116925
usa : 0.06076791682993054
va : 0.10732899008815133
virginia : 0.15361579990157065
