cocoa : 0.6354366302790057
washington : 0.2515916820727235
analysis : 0.04185889989214173
application : 0.031448960259090435
applications : 0.05665387046770208
attitude : 0.07143275323986586
beach : 0.4524074371858172
ca : 0.043261995621113124
control : 0.05901178707969328
dc : 0.346095964968905
design : 0.1863474619306152
development : 0.02945388734560162
dynamics : 0.04762183549324392
engineering : 0.08652399124222625
fl : 0.5646312731250327
flight : 0.05198167536537472
introduction : 0.03580880013122123
kaplanmar : 0.0668880663451585
launch : 0.18193586377881152
mackison : 0.0668880663451585
mar : 0.026445054348453515
matlab : 0.0668880663451585
nontechnical : 0.05943487085526661
professionals : 0.04596430130155297
satellite : 0.06894645195232944
satellites : 0.04762183549324392
space : 0.08806858040143276
spacecraft : 0.0826125464747037
structural : 0.055075030983135806
system : 0.017587340768055564
systems : 0.12250213141866788
testing : 0.039307965727292504
vehicle : 0.06319363027589828
vehicles : 0.0411042462075416
