btl : 0.3588802021211388
cable : 0.2555094635118279
center : 0.10717703713902281
contact : 0.11865753669886883
david : 0.12808532354629132
dealing : 0.11865753669886883
dwyer : 0.2392534680807592
email : 0.1350976911152896
east : 0.11394206277224067
education : 0.08512526864874108
john : 0.10717703713902281
justice : 0.12036721987467013
lansing : 0.4785069361615184
lines : 0.23211724573635695
masterson : 0.2392534680807592
pm : 0.14368013539660535
peace : 0.3100824900524758
plans : 0.10974209000435636
produced : 0.18593445419153265
programs : 0.2640882158510093
