sircxsar : 0.20440757080946234
agency : 0.04961319840839613
aperture : 0.07879965971433277
arno : 0.09570138723230369
browse : 0.09570138723230369
cband : 0.07094080396408675
center : 0.06430622228341369
changes : 0.041908963209742446
city : 0.043896836001742545
cm : 0.10220378540473117
copy : 0.07094080396408675
data : 0.058424093445826226
degrees : 0.05881069072771337
detailed : 0.06189793219636185
deutsche : 0.07879965971433277
developed : 0.047463014679547534
earth : 0.09864646202410214
florence : 0.1969991492858319
fuer : 0.09570138723230369
german : 0.05211348963143882
horizontally : 0.1362717138729749
image : 0.34203806348668025
imaging : 0.08265075785733418
italian : 0.06370997889876774
italy : 0.11248125577348315
kilometers : 0.06189793219636185
lband : 0.09864646202410214
miles : 0.05747205415864214
mission : 0.09284689829454278
nasas : 0.12755637668168757
north : 0.032970041941446454
planet : 0.08503758445445837
press : 0.03783677006778734
radar : 0.12808532354629132
received : 0.07560348902153766
red : 0.05510050523822278
shown : 0.09284689829454278
space : 0.10080465202871688
spaceborne : 0.07879965971433277
synthetic : 0.07437378167661306
transmitted : 0.08620808123796321
upper : 0.11156067251491959
vertically : 0.07094080396408675
xband : 0.08503758445445837
xsar : 0.07879965971433277
