applied : 0.19626173623236684
closed : 0.20200725016682455
fixed : 0.324060782990611
fixedrate : 0.30344342293169463
metromortgage : 0.9103302687950837
monthly : 0.19626173623236684
mortgage : 0.374778869373046
pay : 0.23971837982438768
payment : 0.324060782990611
portion : 0.23581930775511456
prime : 0.15266086423128894
rate : 0.2359652119423718
rates : 0.34941783809604693
time : 0.08848150843099932
variablerate : 0.30344342293169463
