cigarcom : 1.6588240453599303
color : 0.7645389794602737
pocket : 0.8294120226799652
print : 0.8282297256839807
tshirts : 1.244118034019948
