ethiopia : 0.11760516999020838
cpj : 0.25926530586086544
tge : 0.08823532156169843
ababa : 0.08823532156169843
addis : 0.1960086166503473
alert : 0.09423044044407838
based : 0.034240108940842826
change : 0.059289424800310485
christopher : 0.06282029362938558
christopher’s : 0.08823532156169843
clampdown : 0.13235298234254764
committee : 0.04376022630029205
cpj’s : 0.0726521685309451
department : 0.039991387070036646
enacted : 0.07840344666013892
ethiopian : 0.22058830390424608
ethiopia’s : 0.17647064312339686
freedom : 0.09768986763475224
government : 0.07418099385623544
government’s : 0.08823532156169843
independent : 0.048047898241752096
index : 0.054222622656757
information : 0.022494484849221324
journalists : 0.21256713269384514
journalists” : 0.08823532156169843
kakuna : 0.07840344666013892
kerina : 0.11760516999020838
meles : 0.08823532156169843
news : 0.08094452028690113
october : 0.04505060613299739
past : 0.043156543826266575
policy : 0.0474809813518184
press : 0.19186730920899253
private : 0.04097000936063171
protect : 0.048907821955460395
report : 0.08977516195431608
reporters : 0.05706901550019177
repressive : 0.08823532156169843
risk : 0.05557454010078997
secretary : 0.04723714059863226
told : 0.04439074775519749
united : 0.030397911009844247
website : 0.05706901550019177
wrote : 0.06282029362938558
york : 0.03821602334019259
