county : 0.4056715119669058
cdt : 0.40233655927635203
conducted : 0.38226948973013686
estimated : 0.2548463264867579
historical : 0.1566259439461232
interceptions : 0.6148203010220852
islands : 0.2490455680207826
minnesota : 0.4147060113399826
minnesotalake : 0.4147060113399826
page : 0.17768280724068838
requirement : 0.2437093875092135
simultaneous : 0.3074101505110426
