komatsu : 0.03476379238704273
sr : 0.17381896193521365
upgraded : 0.03476379238704273
kuka : 0.15649283446791798
am : 0.01752580481518612
aa : 0.045606564235658946
abb : 0.32213697367494526
adept : 0.05868481292546924
arcmate : 0.05214568858056409
bosch : 0.04832054605124178
browser : 0.030404376157105967
cincinatti : 0.07824641723395899
cloos : 0.09780802154244873
comau : 0.05868481292546924
crs : 0.03476379238704273
cybernetic : 0.039123208616979495
daihen : 0.05868481292546924
er : 0.058001915190762754
eshed : 0.09780802154244873
eurobtec : 0.039123208616979495
ex : 0.05214568858056409
fanuc : 0.2577095789399562
following : 0.016944840537632566
hr : 0.030404376157105967
hz : 0.039123208616979495
ibm : 0.03448717747771889
ir : 0.08356284341267328
irb : 0.28992327630745074
js : 0.05214568858056409
ks : 0.1369312301594282
kawasaki : 0.19561604308489747
lamberton : 0.05868481292546924
library : 0.02028212513550785
ma : 0.024619549598636933
milacron : 0.06952758477408547
mitsubishi : 0.06952758477408547
models : 0.03606315940850348
motoman : 0.3716704818613052
nachi : 0.15643706574169228
otc : 0.05868481292546924
panasonic : 0.15649283446791798
puma : 0.10429137716112818
ral : 0.039123208616979495
recognise : 0.039123208616979495
reis : 0.05214568858056409
robot : 0.05992580627125125
robots : 0.03606315940850348
robotics : 0.04832054605124178
romat : 0.09780802154244873
rs : 0.03476379238704273
rt : 0.05992580627125125
rx : 0.05868481292546924
sfd : 0.039123208616979495
sands : 0.05868481292546924
sankyo : 0.07824641723395899
scorbot : 0.05868481292546924
seiko : 0.15649283446791798
simulations : 0.022991451651812597
standard : 0.020604724471278608
staübli : 0.05868481292546924
tech : 0.05868481292546924
tq : 0.05868481292546924
trallfa : 0.039123208616979495
tt : 0.039123208616979495
umi : 0.07824641723395899
unimation : 0.1369312301594282
ux : 0.039123208616979495
virtual : 0.03221369736749453
vrml : 0.039123208616979495
workspace : 0.033137169518844614
wsb : 0.039123208616979495
