regulators : 0.2022956152877964
controls : 0.06950699221210449
course : 0.21755174212284212
covariance : 0.2022956152877964
design : 0.07044843072986672
engineering : 0.13084115748824457
error : 0.0749780854904982
estimation : 0.2022956152877964
examples : 0.10426048831815674
feedback : 0.08987712178113487
gains : 0.15721287183674307
kalman : 0.17975424356226974
lqg : 0.2528695191097455
materials : 0.059441314026637444
matrix : 0.08328419319401024
measurement : 0.08328419319401024
minimizing : 0.08987712178113487
noise : 0.17975424356226974
observers : 0.15721287183674307
optimal : 0.30344342293169463
papers : 0.06370739962773486
performance : 0.08735445952401173
phd : 0.07860643591837153
power : 0.07573235356062157
research : 0.03377976331232857
seminars : 0.08987712178113487
separation : 0.0720135073312469
settling : 0.1348156826717023
sonnabend : 0.1011478076438982
spectra : 0.2022956152877964
systems : 0.10291506975552045
terminal : 0.08328419319401024
theorem : 0.1011478076438982
theory : 0.24636908081544828
time : 0.04424075421549966
trace : 0.1011478076438982
weighted : 0.08987712178113487
