gps : 0.3349965448205936
atmosphere : 0.3349965448205936
atmospheric : 0.2590715164269349
climate : 0.23167847862432536
corporation : 0.20183141892142875
earths : 0.31042290190494726
global : 0.19855461763232113
km : 0.3657605084330473
radio : 0.26258051453859416
receiver : 0.3770054648545297
research : 0.1259063905277701
signals : 0.5024948172308904
temperature : 0.3349965448205936
university : 0.20183141892142875
vertical : 0.29298762478665746
