permanent : 0.02662849695527495
added : 0.029130149272161288
advisory : 0.03428365990829471
argued : 0.049392163950241826
arms : 0.03178200759140837
assembly : 0.0359427197693669
bedjaoui : 0.04624974104163375
britain : 0.04369522390824193
british : 0.03713998229223317
casting : 0.04624974104163375
chemical : 0.03178200759140837
chinese : 0.04618381369985022
circumstance : 0.06164434560825049
conscience : 0.06937461156245062
control : 0.016321475683008103
convention : 0.029913498830955537
council : 0.034406274581828135
court : 0.19402767713423905
courts : 0.027179485595823064
current : 0.02597141121177449
day : 0.017314274141182993
declared : 0.05391407965405035
defence : 0.041096230405500325
destruction : 0.0359427197693669
deterrence : 0.05712242990444196
effectively : 0.05712242990444196
effects : 0.01746757739176095
evidence : 0.026115538802955605
exception : 0.0359427197693669
french : 0.024759988194822113
government : 0.012960991491609909
hague : 0.0359427197693669
hearings : 0.0359427197693669
illegality : 0.04624974104163375
incapable : 0.041096230405500325
international : 0.061783061522920645
judge : 0.06657124238818737
judges : 0.05142548986244207
july : 0.034406274581828135
law : 0.06355876072798844
legal : 0.019011364490483962
majority : 0.026115538802955605
mass : 0.024358001419578428
military : 0.038022728980967924
nato : 0.03261806658842464
negotiations : 0.06356401518281674
nuclear : 0.3525597738399007
opinion : 0.07105380850002545
paragraph : 0.04624974104163375
peace : 0.035964957954041796
political : 0.013045963207770673
president : 0.016189880314239322
principles : 0.028421523400010175
prohibition : 0.038081619936294636
project : 0.035420829729103896
public : 0.03813525643679306
question : 0.02326801276387675
resolution : 0.027179485595823064
russia : 0.019815926458069337
security : 0.02620136608764143
specific : 0.01701683670911088
support : 0.01746757739176095
threat : 0.04618381369985022
threatening : 0.041096230405500325
treaty : 0.027774598664027796
trident : 0.041096230405500325
uk : 0.027774598664027796
un : 0.019606477558688693
unlawful : 0.05391407965405035
usa : 0.02326801276387675
view : 0.02071823766256203
vote : 0.04722777297213853
war : 0.017784005751752
weapon : 0.14383680641925115
weapons : 0.291411109220505
world : 0.04917843051559055
