horizontally : 0.1983058522778366
degrees : 0.11411029544183189
galeras : 0.5570677764268422
green : 0.10912360634740903
image : 0.28442397603369995
imaging : 0.10691142807416361
kilometers : 0.12010046545562747
lband : 0.1276023886878933
miles : 0.11151294090482802
near : 0.12010046545562747
north : 0.06397172316997073
population : 0.1029254163540286
radar : 0.2982285145256932
received : 0.1466933369074611
red : 0.10691142807416361
represents : 0.32999659639043544
scientific : 0.13764633604972057
shown : 0.12010046545562747
summit : 0.144307337581488
transmitted : 0.16726941135724202
vertically : 0.13764633604972057
volcanic : 0.16499829819521772
volcano : 0.49499489458565316
