call : 0.06614209434243029
business : 0.043823859798016805
education : 0.04811428227972322
healthmedicine : 0.13523022108912477
law : 0.03716805790397585
mathscience : 0.13523022108912477
action : 0.05988813624565245
addresses : 0.13939173981666605
attending : 0.11134734524851368
beach : 0.09627892827981921
betty : 0.18024270618064545
conference : 0.4629344074144878
enforcement : 0.08517402341534115
ford : 0.14727725330624014
gazette : 0.10509338715173583
goldsmith : 0.13523022108912477
keynote : 0.20284533163368715
lady : 0.10024244038403562
largest : 0.09292782654444404
lesley : 0.13523022108912477
microsoft : 0.10509338715173583
money : 0.06279099260705512
nelsongroup : 0.1201618041204303
olivia : 0.13523022108912477
participants : 0.15764008072760374
personal : 0.049755750812508985
scholarships : 0.27046044217824955
soldout : 0.13523022108912477
special : 0.06279099260705512
stahl : 0.13523022108912477
susan : 0.13523022108912477
women : 0.23176018335741963
womens : 0.09921314151364544
