ethical : 1.2055400237248288
fund : 0.8620808123796321
growth : 0.4337527366827052
investment : 0.5304617612092244
time : 0.27905706505161326
