ashland : 1.1054885979079587
cash : 0.5699573361392568
composite : 0.7369923986053059
construction : 0.5096926529735158
cpa : 0.8294120226799652
kimberly : 0.8294120226799652
profiles : 0.8294120226799652
