president : 0.06648973747374623
cpj : 0.19533958540814822
alert : 0.10142360383675612
arrested : 0.07039927110939906
article : 0.05362656441217602
banned : 0.09497084229159906
bédié : 0.14245626343739862
committee : 0.047100701590390676
continued : 0.09483546477297487
convictions : 0.07819813559437602
court : 0.03984232454130557
côte : 0.09497084229159906
divoire : 0.14245626343739862
december : 0.10003515086819231
freedom : 0.04205884377557271
immediate : 0.06322364318198324
imprisonment : 0.10142360383675612
independent : 0.0517156767334889
index : 0.0583617541572728
ivoirien : 0.18994168458319813
january : 0.061425428897152974
journalists : 0.2542151459697385
june : 0.04582769992719906
kakuna : 0.0843884425883938
kerina : 0.0843884425883938
koré : 0.14245626343739862
la : 0.09759650854847683
minister : 0.04158904746004975
months : 0.050843029193947696
neruda : 0.14245626343739862
news : 0.0871234913011684
office : 0.06103607882313723
presence : 0.07819813559437602
press : 0.037547939761926365
prison : 0.061425428897152974
private : 0.04409749099121428
protect : 0.05264124347877799
release : 0.09483546477297487
sangaré : 0.18994168458319813
satirical : 0.09497084229159906
sentenced : 0.06526229039762482
sentences : 0.1265826638825907
team : 0.05703333618796548
twoyear : 0.09497084229159906
voie : 0.2374271057289977
website : 0.061425428897152974
