county : 0.09361650276159365
carolina : 0.04144968685359351
cdt : 0.09284689829454278
conducted : 0.08821603609157005
estimated : 0.05881069072771337
historical : 0.03614444860295151
interceptions : 0.1418816079281735
islands : 0.05747205415864214
north : 1.6814721390137692
page : 0.04100372474785117
requirement : 0.05624062788674158
simultaneous : 0.07094080396408675
