extension : 0.06442739473498905
notepad : 0.07824641723395899
simulation : 0.07591255835402867
irb : 0.09664109210248356
rplfile : 0.07824641723395899
abb : 0.09664109210248356
arla : 0.20858275432225637
autocad : 0.07824641723395899
automatically : 0.05060837223601913
binary : 0.15649283446791798
block : 0.08065434001970614
capabilities : 0.060808752314211935
code : 0.08674217478892977
communication : 0.06897435495543779
compatible : 0.06442739473498905
compilation : 0.07824641723395899
controller : 0.08700287278614412
convert : 0.15649283446791798
created : 0.04188953977614559
data : 0.031845417811142175
dde : 0.11736962585093848
decompilation : 0.07824641723395899
diskette : 0.07824641723395899
download : 0.06952758477408547
editor : 0.05376956001313744
external : 0.055708562275115524
features : 0.05060837223601913
file : 0.16755815910458235
files : 0.06627433903768923
language : 0.041209448942557216
line : 0.042608513535138656
link : 0.04505072755326391
module : 0.10429137716112818
olp : 0.07824641723395899
pc : 0.060808752314211935
print : 0.052089919854338404
processor : 0.09664109210248356
program : 0.04787678129719318
programs : 0.05757898207233745
release : 0.0781348797815076
robot : 0.27965376259917246
sail : 0.07824641723395899
simulations : 0.04598290330362519
software : 0.04188953977614559
sport : 0.2577095789399562
started : 0.058001915190762754
task : 0.10417983970867681
tcp : 0.10429137716112818
transfer : 0.04598290330362519
version : 0.060808752314211935
word : 0.09121312847131789
workspace : 0.04418289269179282
write : 0.05060837223601913
