level : 0.015883863607191014
aiaa : 0.03627166279941539
answers : 0.029865760241583845
arianespace : 0.03627166279941539
canaveral : 0.09067915699853847
ukraine : 0.03426826598051627
addition : 0.020481282618061394
aeronautics : 0.032229988277199965
aerospace : 0.032229988277199965
air : 0.05925440512029487
american : 0.01141638654844562
andor : 0.02818831375498454
astronautics : 0.03627166279941539
capabilities : 0.07047078438746135
cape : 0.06445997655439993
center : 0.04874524138101329
china : 0.029627202560147434
choice : 0.022289766165022557
commercial : 0.01975146837343162
competitive : 0.023459857683752302
computer : 0.018803836131462085
conducted : 0.022289766165022557
course : 0.022289766165022557
descriptions : 0.029865760241583845
detailed : 0.023459857683752302
discussion : 0.01259561025978612
experts : 0.02818831375498454
facilities : 0.09383943073500921
facility : 0.07460491454363678
field : 0.02284551065367751
florida : 0.05973152048316769
force : 0.029127274742305316
france : 0.01975146837343162
government : 0.010164742598376285
guiana : 0.03627166279941539
ibm : 0.03197353480441577
include : 0.01705395512592076
included : 0.0249252479361191
including : 0.014216941574039207
industry : 0.028150760120459698
information : 0.00924700397591897
institute : 0.03343464924753384
interaction : 0.02818831375498454
international : 0.060567214102280074
japan : 0.040209929421107383
kennedy : 0.0326736167957295
launch : 0.49329549071222945
locations : 0.032229988277199965
logistical : 0.03627166279941539
major : 0.013012280603705333
market : 0.023825795410786523
nasas : 0.032229988277199965
nonus : 0.03627166279941539
operations : 0.03132536012085552
orbital : 0.03627166279941539
payload : 0.032229988277199965
planners : 0.04479864036237577
playing : 0.029865760241583845
presenters : 0.03627166279941539
processing : 0.07047078438746135
program : 0.011096804994538944
programs : 0.013345565815600079
published : 0.024146639232769114
ralph : 0.04479864036237577
russia : 0.0310815406251933
satellite : 0.0498504958722382
served : 0.05164817143873684
share : 0.022289766165022557
shuttle : 0.03738787190417865
simulation : 0.023459857683752302
site : 0.10240641309030697
sites : 0.04569102130735502
space : 0.24833799114946287
spacecraft : 0.029865760241583845
spaceport : 0.07254332559883078
spaceports : 0.07254332559883078
speakers : 0.029865760241583845
specific : 0.013345565815600079
station : 0.065347233591459
subsidized : 0.03627166279941539
summary : 0.019102922396112526
support : 0.04109718645816644
symposium : 0.048344982415799945
system : 0.00953715855060739
systems : 0.02952432321849333
team : 0.021782411197152997
technical : 0.0747757438083573
tour : 0.03873612857905263
university : 0.019418183161536876
users : 0.03343464924753384
vandenberg : 0.03627166279941539
vehicle : 0.10280479794154881
vehicles : 0.022289766165022557
