algorithms : 0.061074864339942234
american : 0.025932586663025482
applied : 0.05328961050017907
arizona : 0.061074864339942234
atmospheric : 0.05661827842442948
brown : 0.04206712228313002
bruintjes : 0.535547498088057
civil : 0.036080564352758394
clark : 0.1098167481365522
cloud : 0.24717576834833402
clouds : 0.1017611499622178
convective : 0.07321116542436813
cumulus : 0.082391922782778
development : 0.024187298217580137
drainage : 0.082391922782778
efforts : 0.04339273100573905
engineers : 0.07321116542436813
evaluating : 0.07321116542436813
forecasting : 0.05484965070754839
hall : 0.0661632797126538
hygroscopic : 0.082391922782778
icing : 0.12358788417416701
inflight : 0.082391922782778
integrated : 0.061074864339942234
intercomparison : 0.06784076664147853
irrigation : 0.07321116542436813
journal : 0.29284466169747253
krauss : 0.082391922782778
management : 0.034565195462986954
mesoscale : 0.07321116542436813
meteorology : 0.06784076664147853
microphysical : 0.082391922782778
modeling : 0.05866000928306866
models : 0.10126344098811572
modification : 0.05866000928306866
numerical : 0.09161229650991336
observations : 0.061074864339942234
perspectives : 0.061074864339942234
precipitation : 0.06784076664147853
rt : 0.2103356114156501
results : 0.041450963135647986
roelof : 0.082391922782778
sciences : 0.05866000928306866
seeding : 0.164783845565556
society : 0.029805274921160495
submitted : 0.06784076664147853
summertime : 0.082391922782778
systems : 0.03353259226471262
tl : 0.1098167481365522
tw : 0.082391922782778
thompson : 0.06784076664147853
wd : 0.1098167481365522
weather : 0.14665002320767165
york : 0.03568516086733216
