school : 0.037844198502517905
alpirez : 0.08349785463221127
national : 0.025191741587195372
activities : 0.040291467721228706
agents : 0.054004907285416376
alive : 0.07419386563140663
america : 0.03656486722997663
americas : 0.055585887629797354
attacks : 0.08917108793701377
bamaca : 0.1252467819483169
body : 0.04328668317511071
call : 0.06125912093459986
callejas : 0.08349785463221127
chris : 0.08349785463221127
cia : 0.11475651063206511
citizens : 0.04906900419648594
committee : 0.041410683948598516
contact : 0.041410683948598516
democracy : 0.044700918284611736
disappeared : 0.08349785463221127
disclosure : 0.06875138095881381
embassy : 0.17187845239703453
extent : 0.055585887629797354
front : 0.06189466117671998
frustration : 0.08349785463221127
government : 0.05849843475240043
guatemala : 0.33399141852884506
guatemalan : 0.29224249121273943
happened : 0.10312707143822071
harbury : 0.29224249121273943
house : 0.03365124971000579
hunger : 0.06488987663060199
husband : 0.12977975326120397
husbands : 0.08349785463221127
intelligence : 0.05259067217591534
jennifer : 0.1252467819483169
killed : 0.055585887629797354
knew : 0.05944739195800918
know : 0.05014340295720455
knowledge : 0.05014340295720455
latin : 0.05944739195800918
military : 0.12012885683080975
murder : 0.05737825531603256
ortiz : 0.1252467819483169
peace : 0.04328668317511071
political : 0.023552779214028933
presided : 0.08349785463221127
street : 0.04263178164263512
strike : 0.08606738297404884
texas : 0.06875138095881381
torture : 0.14838773126281327
tortured : 0.1252467819483169
washington : 0.039258433612018924
wfps : 0.08349785463221127
