approximately : 0.130259726496226
april : 0.09341375683459753
blue : 0.16480956707257674
dark : 0.15064640827740086
degrees : 0.11243220286180496
forest : 0.14218517085234847
forests : 0.16257185263352333
frozen : 0.15064640827740086
global : 0.09635738796862643
image : 0.32694814892109136
imaging : 0.10533920119072002
kilometers : 0.11833428214010352
lake : 0.20343318783818995
lakes : 0.1829585344146982
light : 0.08948636293387628
located : 0.12572588297189488
michigan : 0.20343318783818995
north : 0.06303096253511822
pine : 0.1829585344146982
raco : 0.32514370526704667
radar : 0.09794760035892866
related : 0.08195891075337038
south : 0.05929110443261097
superior : 0.195389589744339
trees : 0.3143147074297372
upper : 0.14218517085234847
west : 0.08828571603622172
