call : 0.05070893899586323
giving : 0.0712446670174071
action : 0.04591423778833355
alternative : 0.060927346877303376
announced : 0.06371158162168948
armstrong : 0.08536629802386049
art : 0.04098983424010295
awards : 0.07685253762776065
beach : 0.07381384501452806
books : 0.05215912861235705
california : 0.1436667269941649
childrens : 0.06371158162168948
college : 0.060927346877303376
communications : 0.04937489386797095
conference : 0.13650629962222077
county : 0.05070893899586323
debate : 0.0805715968163308
december : 0.05460251984888831
dental : 0.12804944703579074
diego : 0.12085739522449622
electric : 0.07685253762776065
ev : 0.04591423778833355
fuel : 0.06901914380699839
gazette : 0.0805715968163308
governor : 0.07685253762776065
holiday : 0.08536629802386049
macys : 0.09212404982566323
mail : 0.06530008461842822
management : 0.04349453762425858
miramar : 0.10367650283499565
nations : 0.05141826590284316
ncg : 0.08536629802386049
nelson : 0.07685253762776065
nelsongroup : 0.09212404982566323
orange : 0.07685253762776065
people : 0.0482532682237837
political : 0.02924470085741926
press : 0.04098983424010295
professional : 0.06530008461842822
program : 0.03171836760939048
public : 0.028495511059714818
publisher : 0.08536629802386049
quality : 0.08781349922493824
san : 0.05746669079766597
scholastic : 0.1555147542524935
schools : 0.060927346877303376
system : 0.02726037819048612
tree : 0.0712446670174071
vehicles : 0.09556737243253421
west : 0.05002857242052564
western : 0.043951187194060486
wilsons : 0.09212404982566323
women : 0.08884140362034419
