deposits : 0.29268445036752166
earn : 0.5331934431514063
fund : 0.21346762973209935
funds : 0.30107485448550253
investments : 0.31585388511655965
mutual : 0.7896347127913991
profit : 0.2634944147237508
return : 0.18148958470721807
rrsp : 1.244118034019948
rrsprrif : 0.5331934431514063
selfdirected : 0.3554622954342708
term : 0.08382857022819283
