horizontally : 0.09558627411953274
shown : 0.0578901524138636
sircxsar : 0.06372418274635516
airfield : 0.0895048945338092
black : 0.03754924111446784
blue : 0.10750168403774789
center : 0.04009500669949055
city : 0.1642183792870944
cm : 0.06372418274635516
dark : 0.11054628521075459
data : 0.03642749231634249
degrees : 0.05500280427771754
east : 0.14919032679530791
edge : 0.09952127174817926
flights : 0.07953155380632797
forest : 0.06955821307884674
green : 0.052599148383283494
image : 0.18279526517273764
imaging : 0.05153284662567598
indicates : 0.10433731961827011
kilometers : 0.0578901524138636
lband : 0.06150618735315721
left : 0.06658480476627172
light : 0.04377750129139271
line : 0.04873923490710105
lower : 0.05153284662567598
miles : 0.053750842018873944
north : 0.030835291024374382
pink : 0.07953155380632797
radar : 0.19166724674552946
received : 0.07070829908489133
red : 0.05153284662567598
river : 0.09558627411953274
runways : 0.0895048945338092
russia : 0.057523210977201276
russian : 0.07285498463268499
shchelkovo : 0.0895048945338092
southeast : 0.09558627411953274
space : 0.07070829908489133
star : 0.27823285231538697
station : 0.053750842018873944
top : 0.04961153162388429
training : 0.07310885236065158
transmitted : 0.08062626302831091
upper : 0.06955821307884674
vertically : 0.06634751449878618
wavelength : 0.0736975234738364
