cpj’s : 0.3201236175894768
access : 0.10286436222493948
activists : 0.0711385816865504
advocacy : 0.0640437813564672
alert : 0.09226730626816007
alerts : 0.17279417139165942
assignments : 0.08639708569582971
committee : 0.06427283237855394
countries : 0.07175011139925981
cpj : 0.15231836719325842
dangerous : 0.05937055584783924
database : 0.12959562854374457
day : 0.032344025999848786
freedom : 0.1721783917062508
immediate : 0.05751595317249865
index : 0.053092984684741225
information : 0.09911632386688146
journalists : 0.13875910050848225
membership : 0.0470469003617156
news : 0.1387018081999504
orme : 0.08639708569582971
press : 0.18787007360047187
protect : 0.07183336349708246
provide : 0.035875055699629906
publications : 0.08627392975874798
reporters : 0.05588007767727111
safety : 0.04478969300757983
site : 0.19514110938875162
urgent : 0.0711385816865504
violations : 0.08382011651590666
web : 0.17074847071515767
website : 0.05588007767727111
wide : 0.07963947702711184
world : 0.09186804033815178
worldwide : 0.07782674000649456
