edm : 0.2539016395959077
machinning : 0.2539016395959077
centers : 0.16902647462938378
control : 0.1344023558794647
electrical : 0.19731819628489175
exchange : 0.14920982908727357
faq : 0.18076860003557893
follow : 0.23404254473273683
followup : 0.2617151033292506
ideas : 0.1316268529202346
link : 0.14618501389732574
machines : 0.19731819628489175
nc : 0.5078032791918154
optional : 0.16902647462938378
post : 0.23404254473273683
progarmming : 0.2539016395959077
programming : 0.15991857457574257
ups : 0.2711529000533684
url : 0.18076860003557893
user : 0.14073475297387583
workspace : 0.14336897832642975
