rocket : 0.07975115602691973
space : 0.5880271368341818
administrators : 0.04377758873018487
aerospace : 0.047243102474699095
attendees : 0.05316743735127983
basic : 0.04420514676743536
business : 0.025844840393702218
chief : 0.028463405232509186
course : 0.09801781787952227
current : 0.0398080319998139
definitions : 0.039411557757825975
design : 0.02468705692243193
development : 0.015608042866900004
developments : 0.031928918977023414
dr : 0.027562888004664516
engineer : 0.05316743735127983
environment : 0.038483517246558185
executives : 0.04377758873018487
flight : 0.227253221789651
fundamentals : 0.05316743735127983
future : 0.07091067512276823
goes : 0.036535726675593384
history : 0.022644139408285018
including : 0.020839363076476273
industries : 0.039411557757825975
industry : 0.030947790773454092
insight : 0.04377758873018487
international : 0.01775602943340348
issues : 0.057220669834242684
kaplan : 0.07975115602691973
knowledge : 0.031928918977023414
launch : 0.16527507039247347
laws : 0.022539070355928458
limitations : 0.04131876759811837
makers : 0.05316743735127983
managers : 0.04131876759811837
maneuvering : 0.05316743735127983
mission : 0.06877548021817984
missions : 0.04377758873018487
nature : 0.0349241360081187
nontechnical : 0.07086465371204864
opportunities : 0.03348722288124525
orbits : 0.10633487470255966
planning : 0.03061139179901266
policy : 0.028610334917121342
professionals : 0.09133931668898346
program : 0.024398744314915753
prospects : 0.03124479327041199
receive : 0.028001292230199135
related : 0.035725679046340934
satellite : 0.05480359001339007
satellites : 0.09463313463401034
short : 0.028463405232509186
shuttle : 0.036535726675593384
spacecraft : 0.04377758873018487
survey : 0.049008908939761134
technical : 0.05480359001339007
technologies : 0.09463313463401034
technology : 0.03531864445256427
trends : 0.057903877368265355
types : 0.052009168200885365
universe : 0.0567798807804062
vehicle : 0.05023083432186786
vehicles : 0.03267260595984076
