al : 0.07617520874495283
appl : 0.23039222852221256
arizona : 0.1707834169505792
change : 0.10320751724498492
climate : 0.5663251699705731
climatology : 0.18970288449746775
effect : 0.06313650676469365
global : 0.2022315549958826
met : 0.12545840096457492
model : 0.14823280717192783
modeling : 0.16403076669895125
physical : 0.07314799091551252
planetary : 0.13648007381579738
research : 0.05129519614094337
response : 0.08513583821876439
sellers : 0.8871204798026829
solar : 0.13648007381579738
tucson : 0.15359481901480837
variations : 0.13648007381579738
wd : 0.4776802583552908
western : 0.06511286991712664
william : 0.09223909926695652
