bag : 0.888655738585677
etch : 0.888655738585677
online : 0.45372396176804514
santas : 0.888655738585677
time : 0.2591244175479266
toy : 0.888655738585677
toys : 0.888655738585677
