amount : 0.15755241051365224
biomass : 1.157319101413905
cloudcover : 0.28932977535347626
data : 0.11775398679003735
detailed : 0.18713328338434976
directly : 0.1737527218749646
forest : 0.22485096785952782
global : 0.1523791251596883
imaging : 0.2498743842198475
map : 0.30898818843290815
michigan : 0.3217082970464399
raco : 0.5141807432130041
radar : 0.46468163891212666
techniques : 0.14999339053701152
