affairs : 0.17027167643752877
board : 0.08672938195055627
california : 0.08513583821876439
clients : 0.09223909926695652
communications : 0.10972198637326877
company : 0.06511286991712664
county : 0.07512435406794551
directed : 0.11936532861678638
foundation : 0.10935384446596749
graduate : 0.12646858966497848
honors : 0.10935384446596749
irvine : 0.27296014763159476
larry : 0.5375818665518293
management : 0.06443635203593863
meet : 0.08672938195055627
national : 0.04634036415422359
ncg : 0.12646858966497848
nelson : 0.1707834169505792
orange : 0.11385561130038614
partner : 0.11936532861678638
people : 0.047657548862996245
political : 0.04332548275173223
public : 0.168862287761273
relations : 0.18753412711005948
senator : 0.11385561130038614
served : 0.10935384446596749
serves : 0.15832148226090464
tenney : 0.15359481901480837
uci : 0.23039222852221256
