am : 0.5944752993311132
pm : 0.6973275904581913
dec : 0.11043063009119743
december : 0.8736403175822129
dont : 0.16093462371054082
major : 0.059509496627612395
midnight : 0.33176480907198613
moon : 0.13658607683817678
purchases : 0.20487911525726518
shared : 0.08880582432542865
times : 0.26008294345736205
