automotive : 0.5371439787755387
access : 0.13166638364792255
axial : 0.2764706742266551
developers : 0.2764706742266551
engine : 0.7520015702857542
engines : 0.37997155742617117
fuel : 0.1840510501519957
fuels : 0.2764706742266551
gasoline : 0.22764346139696132
hydrogen : 0.4147060113399826
marketplace : 0.2148575915102155
methanol : 0.2764706742266551
piston : 0.2764706742266551
russia : 0.1184552048271256
stroke : 0.2764706742266551
technology : 0.24487593487111226
