commandsstdaux : 0.1162727134598082
company : 0.04929105105875942
cprogram : 0.4069544971093287
cyber : 0.1162727134598082
encountered : 0.1162727134598082
faq : 0.0827818822592838
follow : 0.10717836160658042
followup : 0.11985084171152595
format : 0.09573790432582484
fputsstring : 0.1162727134598082
industrial : 0.051492603127103034
interface : 0.4066230119702676
link : 0.06694453907447627
mitsubishi : 0.10331669139326717
nick : 0.10331669139326717
oakley : 0.1162727134598082
optional : 0.0774046472601851
owns : 0.10331669139326717
port : 0.09036066932672614
post : 0.10717836160658042
program : 0.03557200105726035
re : 0.20695470564820953
regards : 0.09573790432582484
respond : 0.10331669139326717
robot : 0.44524314005275456
rs : 0.10331669139326717
rvm : 0.1162727134598082
send : 0.07323373975898492
serial : 0.10331669139326717
space : 0.06123647085856632
taykheewee : 0.1744090701897123
tell : 0.09036066932672614
thanks : 0.1162727134598082
ups : 0.12417282338892571
url : 0.0827818822592838
user : 0.06444862519364407
workspace : 0.0656549526915426
