home : 0.15946325157404295
mail : 0.17413355898247526
aaa : 0.3074101505110426
automation : 0.22764346139696132
concerns : 0.20494010034069507
customers : 0.2148575915102155
doing : 0.1840510501519957
email : 0.1561128875110013
efforts : 0.1456067195970355
industrial : 0.24487593487111226
know : 0.16603037868052173
page : 0.1184552048271256
return : 0.21173784882508775
reveals : 0.20494010034069507
robot : 0.35289641470847954
secrets : 0.20494010034069507
store : 0.2612003384737129
successful : 0.20494010034069507
