agricultural : 0.02401505629800239
agriculture : 0.05431793043797582
forbes : 0.034947135787077185
music : 0.018405343769288193
physical : 0.06657289060850016
science : 0.020971943137463464
shantz : 0.034947135787077185
temp : 0.034947135787077185
ticket : 0.028775156637256345
admin : 0.028775156637256345
administration : 0.01466108009806469
affairs : 0.01937079465089864
ahsc : 0.17473567893538594
animal : 0.025905349762166508
annex : 0.034947135787077185
arizona : 0.07771604928649953
art : 0.0207251970876925
ave : 0.03105305050303255
avenue : 0.02401505629800239
bio : 0.046579575754548824
blvd : 0.034947135787077185
bookstore : 0.05242070368061578
building : 0.05811238395269592
business : 0.011325267138813332
campus : 0.05755031327451269
cancer : 0.025905349762166508
centennial : 0.034947135787077185
center : 0.1487231919850485
central : 0.023482609260797132
chemistry : 0.034947135787077185
cherry : 0.046579575754548824
college : 0.041074615872339355
community : 0.0142230939100326
computer : 0.018117179194077234
continuing : 0.025905349762166508
daily : 0.017581728745738334
dept : 0.41921618179093945
development : 0.015388828781690733
east : 0.024964833978187558
education : 0.024868056009744583
engineering : 0.022603177487435507
engr : 0.05242070368061578
facility : 0.020537307936169678
faculty : 0.04803011259600478
family : 0.015839285328301034
garage : 0.08736783946769297
graduate : 0.028775156637256345
hall : 0.23386365254238586
health : 0.013437914458486765
heat : 0.02401505629800239
house : 0.014084371367390063
information : 0.00890933248241631
international : 0.011671097998360712
lab : 0.10484140736123156
law : 0.009605228447094882
library : 0.054351537582231706
life : 0.024271316399475502
main : 0.0280636383050863
management : 0.02932216019612938
medical : 0.016029743483782388
museum : 0.028775156637256345
north : 0.018059433085904658
office : 0.05989308109236687
optical : 0.028775156637256345
park : 0.038858024643249764
parking : 0.06989427157415437
plant : 0.03221372104467445
public : 0.019210456894189765
refrig : 0.034947135787077185
research : 0.02917774499590178
residence : 0.025905349762166508
resources : 0.07568060801920162
sci : 0.05242070368061578
sciences : 0.1866080351490878
service : 0.0130829768089276
services : 0.019975639621261355
shop : 0.04803011259600478
social : 0.009857764333961547
south : 0.016987900708219997
space : 0.018405343769288193
stadium : 0.05242070368061578
stores : 0.03105305050303255
student : 0.0888001677555555
students : 0.018405343769288193
studies : 0.012435320576431087
ua : 0.034947135787077185
visitor : 0.046579575754548824
water : 0.017092900785122433
west : 0.016863563737255834
wildcat : 0.034947135787077185
