bay : 0.5521531504559871
bement : 1.244118034019948
building : 0.45973352638132775
library : 0.8599621057455328
misery : 0.6445727745306464
vision : 0.5364487457018027
