cband : 0.1537050752555213
california : 0.11493338159533194
centimeter : 0.2073530056699913
color : 0.12742316324337896
comparisions : 0.2073530056699913
contours : 0.2073530056699913
data : 0.16878071439905354
detailed : 0.13411218642545067
digital : 0.1537050752555213
elevation : 0.3684961993026529
fort : 0.3684961993026529
image : 0.15880338661881582
imaging : 0.17907664202422405
interferometric : 0.2073530056699913
irwin : 0.4147060113399826
kilometers : 0.13411218642545067
lband : 0.1424893340348142
miles : 0.1245227840103913
multiple : 0.13803828761399678
obtained : 0.1537050752555213
october : 0.10586892441254388
radar : 0.16651092061017872
topography : 0.2073530056699913
wavelength : 0.2560988940715815
