agency : 0.14929897669193276
awards : 0.1280875627129344
campaigns : 0.07450677023636149
clients : 0.13835864890043476
club : 0.0853917084752896
communications : 0.054860993186634385
contact : 0.05713140655871462
counselor : 0.11519611426110628
county : 0.19720142942835697
firm : 0.07668793756333153
foundation : 0.08201538334947563
gary : 0.5183825141749783
goldhammer : 0.11519611426110628
health : 0.06644302148918456
irvine : 0.20472011072369606
marketing : 0.06632468223119409
media : 0.09402478833672748
meet : 0.06504703646291721
ncg : 0.09485144224873387
news : 0.052838784076171576
orange : 0.2988709796635136
people : 0.03574316164724718
political : 0.03249411206379917
press : 0.11386065066695263
programs : 0.08476905693983013
public : 0.07915419738809672
relations : 0.11720882944378717
route : 0.09485144224873387
strategic : 0.08201538334947563
unocal : 0.11519611426110628
ventura : 0.11519611426110628
web : 0.06504703646291721
wide : 0.07079064624632164
world : 0.034997348700248294
