accounting : 0.20503845837368906
ago : 0.09485144224873387
cause : 0.06632468223119409
clients : 0.06917932445021738
companies : 0.05221097756365896
company : 0.07325197865676748
continue : 0.06272920048228746
costbased : 0.17279417139165942
december : 0.060669466498764785
emphasizes : 0.17279417139165942
energy : 0.052838784076171576
grow : 0.08952399646258978
healing : 0.15337587512666306
health : 0.04429534765945637
helliwell : 0.11519611426110628
knew : 0.08201538334947563
law : 0.031661678955238685
low : 0.27078820834357054
means : 0.07925817611425735
mediation : 0.09485144224873387
paper : 0.040990501159346916
products : 0.08569710983807192
profession : 0.16403076669895125
professions : 0.10236005536184803
pulp : 0.09485144224873387
road : 0.6167230213962666
roads : 0.17279417139165942
shared : 0.06167071133710322
speaking : 0.09485144224873387
straw : 0.11519611426110628
success : 0.06632468223119409
system : 0.030289309100540136
tanis : 0.11519611426110628
tree : 0.07916074113045232
world : 0.08749337175062075
