credit : 0.37939504665244095
metro : 1.205171266219207
savings : 0.781558358977356
site : 0.41323999635265046
surrey : 1.1374813668187878
union : 0.3531428641448869
