fn : 0.1299375743083958
termpaper : 0.011298919505077895
pgs : 0.1299375743083958
yr : 0.1299375743083958
administration : 0.0187073280104338
analysis : 0.011162373304571127
analyzes : 0.01586564146858257
arms : 0.0766071688359216
atomic : 0.05198167536537472
background : 0.023484954773715403
bomb : 0.06128573506873729
book : 0.030246828758801834
buildup : 0.04459204423010566
china : 0.03642340673165079
click : 0.011162373304571127
cold : 0.19181981563519412
control : 0.023604714831877316
cuba : 0.029685653250321884
description : 0.018903736427552897
detente : 0.07343337464418107
deterrents : 0.04459204423010566
disarmament : 0.03671668732209053
discusses : 0.026005317890114496
dropping : 0.0396232472368444
european : 0.021810296342306763
examines : 0.029681755889460624
foreign : 0.01560959786570028
future : 0.016992419845087318
history : 0.012661239239041085
ii : 0.031448960259090435
implications : 0.023117260907137976
international : 0.0148921537183384
kennedy : 0.02677909333556802
kgb : 0.03465445024358314
mutual : 0.0396232472368444
national : 0.01345365410929072
nations : 0.03317307477602785
nato : 0.020965973506060286
nixon : 0.03174789032882928
nuclear : 0.05035899597129074
origins : 0.023484954773715403
paper : 0.0317345815427202
personnel : 0.026205310484861667
pipeline : 0.0396232472368444
policy : 0.05599011779479661
political : 0.025156731920360654
recruitment : 0.0396232472368444
relations : 0.08166808761244526
reviews : 0.021810296342306763
role : 0.027672125146255885
russian : 0.018148463913876724
science : 0.02140791901630679
security : 0.016841499349045507
soviet : 0.08091041317498293
specific : 0.016406914246418734
strategy : 0.026205310484861667
studies : 0.0158672907713601
study : 0.01194776543727024
term : 0.010516128881672936
title : 0.010962310307316097
union : 0.02151766555721533
united : 0.030724770268014616
vietnam : 0.028086057900399235
war : 0.13717268952605843
weapons : 0.049582282340490745
world : 0.04064208236157867
wwii : 0.03671668732209053
