glasnost : 0.026302706850316025
perestroika : 0.03945406027547403
fn : 0.08664097472498421
yr : 0.10996739099709534
termpaper : 0.0066646903634603235
pgs : 0.10996739099709534
ability : 0.012526400135637451
afn : 0.028164301048507402
agricultural : 0.018074756960018715
analysis : 0.01975244493853284
analyzes : 0.01871676097139339
armenian : 0.02337185196422746
articles : 0.015795701988633146
assessment : 0.015795701988633146
attempted : 0.021657411760810274
attempts : 0.01408126178521596
book : 0.008920576346411958
breakup : 0.026302706850316025
brezhnev : 0.03945406027547403
china : 0.014322946410332021
click : 0.00658414831284428
collapse : 0.02808983531208256
communism : 0.05103635001391357
comparison : 0.01477021060458211
conflict : 0.012692238246222152
continuity : 0.026302706850316025
cooperation : 0.019497472548269085
coup : 0.020440997078138894
cuba : 0.01751014219205033
current : 0.009846807069721408
description : 0.011150406899127397
detente : 0.021657411760810274
determination : 0.020440997078138894
development : 0.007721526492293025
discusses : 0.007669644494018969
dispute : 0.03899494509653817
dissolution : 0.02337185196422746
east : 0.012526400135637451
eastern : 0.03091451004345203
economic : 0.03774386678284084
economics : 0.010811959932220267
effect : 0.021623919864440535
essay : 0.012864847102544583
europe : 0.012366821581798774
examines : 0.021009411991102362
failure : 0.013852647741789846
food : 0.019567204783322977
foreign : 0.018414705304568194
future : 0.02004602594832711
germany : 0.015143902073930153
gorbachev : 0.03066149561720834
gorbachevs : 0.03945406027547403
growing : 0.014579287305961768
history : 0.014936514789397308
implications : 0.020453644164137936
independence : 0.05103635001391357
influence : 0.010921792855701284
islam : 0.03066149561720834
latvia : 0.035057777946341184
latvian : 0.04674370392845492
law : 0.0072293051314287066
leaders : 0.013044803188881985
leadership : 0.023185882532589023
lenin : 0.035057777946341184
marx : 0.018074756960018715
moslems : 0.026302706850316025
nagornokarabakh : 0.026302706850316025
nations : 0.02608960637776397
naval : 0.02337185196422746
nicaragua : 0.026302706850316025
observes : 0.012881197218223976
paper : 0.015598922217087622
played : 0.019497472548269085
policies : 0.03173059561555538
policy : 0.033025883434985734
political : 0.04822593376064909
politics : 0.019567204783322977
positions : 0.017012116671304527
potential : 0.022715853110895228
practices : 0.014322946410332021
production : 0.01831957078176238
reform : 0.019038357369333226
reforms : 0.018074756960018715
relations : 0.04281963156001358
relationship : 0.009933992216456017
republics : 0.021657411760810274
role : 0.008161229297891535
russia : 0.10142570392174602
russian : 0.03746717761501188
science : 0.012627504028646078
sinosoviet : 0.03248611764121541
situation : 0.012864847102544583
social : 0.011129061637072868
society : 0.009515003198932843
soviet : 0.2727152555218392
stalin : 0.04331482352162055
studies : 0.009359353330252573
system : 0.006915952183632844
term : 0.006202959742043867
title : 0.006466140752095542
trade : 0.013429461870512966
ussr : 0.04088199415627779
union : 0.10153790596977721
united : 0.009061533725978942
vanlaue : 0.026302706850316025
vietnam : 0.01656661766218052
wake : 0.03945406027547403
