fn : 0.1327325701859677
termpaper : 0.011061047515497309
pgs : 0.14379361770146504
yr : 0.14379361770146504
afn : 0.013355102151322308
analysis : 0.01639106395776497
animals : 0.05088732430505104
arabia : 0.03392488287003403
balance : 0.05365185820773851
beach : 0.031079513690327607
beaches : 0.06547989652736567
books : 0.021961738363097706
click : 0.010927375971843314
coast : 0.029997754533645095
concern : 0.024649403291210733
concerns : 0.03235896321168869
conservation : 0.03235896321168869
control : 0.023107773466995683
cure : 0.03878907361080557
ddt : 0.058183610416208356
describes : 0.06283390948218387
development : 0.012815024669665265
disposal : 0.035943704431099156
ecological : 0.18658685578518713
ecology : 0.11873709004511908
effects : 0.01648694146801297
environment : 0.042129324143600544
examines : 0.02324550145448285
extinction : 0.04365326435157712
factors : 0.020269373052102004
history : 0.012394686834008642
impact : 0.029677818825658776
jersey : 0.04499663180046764
land : 0.024649403291210733
leading : 0.020524584590143228
life : 0.03789731858865473
mans : 0.022990534673216132
marine : 0.09707688963506608
materials : 0.02565361973781195
methods : 0.018126343932444586
natural : 0.03159699310770041
nature : 0.019116369183391293
north : 0.015038966499607155
oil : 0.0452611634602912
paper : 0.031066485089189244
particularly : 0.019555108530628723
past : 0.021351132208784516
political : 0.012313558255755478
pollution : 0.09323854107098281
populations : 0.03878907361080557
prevent : 0.028234144510621194
procedures : 0.023369953769849645
process : 0.018126343932444586
projects : 0.03235896321168869
public : 0.017997164879819883
recycling : 0.1357617576378195
relationship : 0.01648694146801297
report : 0.014805026708255635
requires : 0.02621532294955606
saudi : 0.03392488287003403
science : 0.010478612992192271
sources : 0.024196501388490936
south : 0.021219974217987086
species : 0.058183610416208356
stage : 0.035943704431099156
studies : 0.020710990059459495
study : 0.023392467066655417
supply : 0.031079513690327607
telephone : 0.027494772470917146
term : 0.010294736694690347
title : 0.010731524827162074
trash : 0.03878907361080557
waste : 0.02621532294955606
water : 0.07472896273074581
world : 0.01326215319167304
