tva : 0.06305068048904708
termpaper : 0.011986306243029403
fn : 0.08390414370120582
pgs : 0.10188360306574992
yr : 0.10188360306574992
afn : 0.021708388477909835
agencies : 0.025759519589684587
air : 0.025759519589684587
analysis : 0.011841453049335909
changing : 0.024913697269454742
clean : 0.03149162455072169
click : 0.011841453049335909
concern : 0.04006699584407828
conditions : 0.023460805735137563
conference : 0.024913697269454742
control : 0.0500814862212454
convention : 0.030595936066642737
countries : 0.019642616048466566
crisis : 0.021698055818351825
developing : 0.02906992317339444
development : 0.027774007839198485
disposal : 0.05842560321024672
ecology : 0.05514405865756481
economics : 0.01944508383247219
effect : 0.01944508383247219
energy : 0.03254708372752774
environment : 0.05706681264698742
environmental : 0.050649709691309115
established : 0.029794715415252422
examination : 0.016693828740415133
examines : 0.018892494052835395
federal : 0.017112534270324085
fire : 0.029794715415252422
flooding : 0.04730486821368623
focusing : 0.02379884195240626
goals : 0.029794715415252422
government : 0.013256679510429907
governments : 0.03798728226848184
greenhouse : 0.04730486821368623
groundwater : 0.04203378699269805
hazardous : 0.07352541154341975
implications : 0.024523634194264243
includes : 0.017112534270324085
industrial : 0.020949462108745345
international : 0.015798140256336173
involvement : 0.027799549905993936
law : 0.013001754095687369
laws : 0.02005377362466638
legislation : 0.053422661125437705
local : 0.021190897076917056
looks : 0.018189724514149384
management : 0.03969083281301163
manipulation : 0.04203378699269805
marine : 0.0525986949543609
national : 0.03568031840771968
nations : 0.035191208602706345
observes : 0.015444375878884514
paper : 0.02805433539422983
plan : 0.021190897076917056
policy : 0.016970388772132812
politics : 0.046921611470275126
pollution : 0.21891558597464597
preservation : 0.04730486821368623
prevention : 0.050518981378764455
public : 0.026003508191374737
regarding : 0.02313715847719995
regulations : 0.027799549905993936
relations : 0.01925255297327607
role : 0.014677800220162343
science : 0.011355150961120903
solid : 0.036762705771709876
studies : 0.02805433539422983
study : 0.012674625692009113
symbol : 0.04203378699269805
term : 0.011155893376375473
title : 0.011629218919168027
united : 0.0162969789064184
urban : 0.021964909961403312
various : 0.022659509492423725
vs : 0.021964909961403312
waste : 0.028408239698188127
wastes : 0.07352541154341975
york : 0.020488438368696408
