fn : 0.08885437066677067
termpaper : 0.007726467014501796
pgs : 0.11589700521752695
yr : 0.11589700521752695
abuse : 0.017218333181360436
afn : 0.03265126077437256
air : 0.033209576725916894
alternatives : 0.02958357053502588
analysis : 0.015266187019486982
animals : 0.023697528475391413
antipollution : 0.02709530877225389
arabia : 0.023697528475391413
argues : 0.023697528475391413
business : 0.014822776108152743
canal : 0.03049308906911637
caused : 0.021709954416037666
chemical : 0.020954313828649145
cleanup : 0.03049308906911637
click : 0.007633093509743491
consumption : 0.02260368753757666
contamination : 0.04573963360367455
control : 0.03228291881418515
convention : 0.019722380356683923
describes : 0.026334800297680004
develop : 0.020299748178528938
disposal : 0.037661602069350215
dumping : 0.03049308906911637
ecology : 0.03554629271308712
ecosystems : 0.03049308906911637
effect : 0.012534453548873005
effects : 0.04606645410180094
efforts : 0.048178693984313216
environment : 0.04414285801811086
environmental : 0.03264920011964288
examination : 0.02690243234515429
examines : 0.03653474952864492
extent : 0.020299748178528938
exxon : 0.037661602069350215
favor : 0.02510773471290014
florida : 0.02510773471290014
forms : 0.02490718254443767
groundwater : 0.05419061754450778
harvested : 0.03049308906911637
hazardous : 0.03554629271308712
human : 0.011619816511714122
impact : 0.013820552884497959
implement : 0.03049308906911637
includes : 0.011030873806605966
industrial : 0.03376046896200996
international : 0.015275407674325048
intrusion : 0.04573963360367455
law : 0.008381032664622005
lead : 0.052385784571622865
legislation : 0.017218333181360436
levels : 0.027468261178762787
life : 0.05294478332238529
literature : 0.011619816511714122
love : 0.016901967881666462
mans : 0.016059564661437736
marine : 0.1130184376878833
national : 0.009199925236500272
nations : 0.015123019383189164
noise : 0.09483358070288862
nuclear : 0.025827499772040654
observes : 0.014933348735833189
oil : 0.03161625388770341
paper : 0.01808404462912364
particularly : 0.013659818458895063
plutonium : 0.03049308906911637
pollution : 0.2822294074084896
purification : 0.03049308906911637
reactors : 0.03049308906911637
recreation : 0.023697528475391413
resources : 0.013207008066095968
saudi : 0.023697528475391413
science : 0.007319619369546072
sea : 0.04225491970416615
smelters : 0.04573963360367455
soil : 0.037661602069350215
solutions : 0.019205907240714182
south : 0.009881850738768495
spill : 0.06098617813823274
steel : 0.0325649316240565
studies : 0.010850426777474184
study : 0.012255244694847048
system : 0.012026637436979171
term : 0.007191176367614581
title : 0.00749628572485586
toxic : 0.06098617813823274
transportation : 0.039444760713367846
waste : 0.03662434823835038
wastes : 0.05924382118847853
water : 0.1193151505785017
