capital : 0.022657081240368252
price : 0.02975239093560952
fn : 0.11812266199219609
termpaper : 0.007382666374512256
pgs : 0.11812266199219609
yr : 0.11812266199219609
adam : 0.047981057437298635
alienation : 0.06788768243311318
analysis : 0.018233619156764313
applied : 0.01884480371317808
brief : 0.014658303122910648
capitalism : 0.10798951423104541
capitalistic : 0.025889662714472104
class : 0.03836242612334074
classical : 0.026857341198838654
click : 0.007293447662705724
comparison : 0.04908414250094149
concept : 0.022657081240368252
differences : 0.014450098145998078
discussion : 0.015176677935971801
eastern : 0.017122439403457625
economic : 0.057488682339321105
economics : 0.029941785994965962
economies : 0.023990528718649318
economists : 0.022643071704823645
europe : 0.01369907870770684
examination : 0.020564294888661266
examines : 0.042666655187238715
founder : 0.025889662714472104
free : 0.011742473552203425
freedom : 0.01290329867587828
hegel : 0.03396460755723547
historical : 0.011004164680055495
history : 0.008272800345883988
ideas : 0.015104720826912168
industrial : 0.01935494801381742
influences : 0.016775329463627545
interpretation : 0.017497346699352406
issues : 0.010452487698058384
karl : 0.09596211487459727
labor : 0.037190488669511905
law : 0.008008106152613064
market : 0.012759169127087864
marshall : 0.023990528718649318
marx : 0.15016440354956997
marxs : 0.13194790795257125
marxian : 0.1456812686206028
marxist : 0.07197158615594795
materialism : 0.03883449407170815
methods : 0.01209837943968784
modern : 0.017444406687234456
organizational : 0.020743937709000862
paper : 0.0241911154383031
philosophical : 0.024224834528290103
philosophies : 0.017497346699352406
philosophy : 0.0302459485992196
planning : 0.016775329463627545
political : 0.012327976942237627
position : 0.011411712113262192
poverty : 0.017904894132559104
prices : 0.025683659105186434
process : 0.01209837943968784
proletariat : 0.02913625372412056
regard : 0.018351311836560625
relations : 0.017787194725895572
revolution : 0.021675147218997118
science : 0.0069939220205498765
seen : 0.01290329867587828
similarities : 0.01884480371317808
smith : 0.023017455674004438
social : 0.020546628237062714
society : 0.015810058008531268
soviet : 0.030209441653824335
stratification : 0.03883449407170815
struggle : 0.02159790284620908
studies : 0.0103676209021299
study : 0.015613239142849634
system : 0.0076609962127829855
term : 0.006871194280999413
theories : 0.041097236123120516
theorist : 0.02913625372412056
theory : 0.11612968808290451
title : 0.007162727343656186
value : 0.02198745468436597
values : 0.016452177840737842
various : 0.009304373140526838
view : 0.019578006784177468
viewpoints : 0.020021920473276
views : 0.012351621693881168
vs : 0.020293107680968633
wages : 0.01884480371317808
workers : 0.01487619546780476
zola : 0.025889662714472104
