identity : 0.022795272480246574
fn : 0.10716368981020057
termpaper : 0.008930307484183381
pgs : 0.11609399729438392
yr : 0.11609399729438392
afn : 0.010782447912540674
american : 0.016639464246955445
analysis : 0.030878349948764035
anthropology : 0.046975436171726295
applications : 0.029851614467401102
arena : 0.03131695744781753
behavior : 0.03495859438153643
bureau : 0.025092525217403308
business : 0.02284303173607675
category : 0.02901970471066079
charts : 0.03918826281302243
click : 0.008822385699646869
commercial : 0.019191936691464722
contemporary : 0.01678466647069834
curve : 0.07829239361954382
data : 0.01434397006224251
demand : 0.02219832904875747
difference : 0.026125508542014952
econometric : 0.07048827388215002
econometrics : 0.02901970471066079
economic : 0.09482745567431153
economics : 0.03621853433385401
economy : 0.057997940874413234
effect : 0.021731120600312407
employment : 0.01856176312143512
examination : 0.01865641767165374
examines : 0.028151421733120165
factors : 0.024547186911539964
federal : 0.012749565192904348
financial : 0.02396084522751488
food : 0.02621894578615232
forecast : 0.02901970471066079
forecasting : 0.03519389769195386
graphs : 0.026125508542014952
gross : 0.026125508542014952
includes : 0.012749565192904348
including : 0.013814195353811468
income : 0.04717023246747273
inflation : 0.03519389769195386
insurance : 0.025510320214432343
klopmans : 0.03524413694107501
life : 0.012238794105117958
literature : 0.013430269509289976
looking : 0.02116534572414583
macroeconomics : 0.02901970471066079
math : 0.02901970471066079
mathematics : 0.03918826281302243
methods : 0.021951875442266462
model : 0.042517200357387236
modeling : 0.03763878782610496
models : 0.021658328030036082
money : 0.016364791274359976
multiple : 0.046925196922605134
national : 0.015950012024754014
paper : 0.029262340770978536
period : 0.015608239474787608
phillips : 0.06263391489563506
prediction : 0.02901970471066079
product : 0.01827114955549999
production : 0.016364791274359976
program : 0.016173671868811013
rate : 0.03654229911099998
rates : 0.09131386845427855
regression : 0.06263391489563506
report : 0.011953066889101575
required : 0.017731148536778603
review : 0.011953066889101575
science : 0.01692013995906401
security : 0.013310986737630868
social : 0.009941541367961222
stamp : 0.046975436171726295
standard : 0.01856176312143512
statistical : 0.024219150260874935
statistics : 0.043316656060072165
studies : 0.012541003187562232
study : 0.028329404167125188
subject : 0.012967504461050503
tax : 0.017479297190768215
term : 0.008311614611860479
terms : 0.02485626037474853
theories : 0.016570840249832353
thesis : 0.02116534572414583
title : 0.008664262254224338
trends : 0.038383873382929444
unemployment : 0.04439665809751494
urban : 0.016364791274359976
world : 0.01606110620238024
