price : 0.026540955980860582
fn : 0.1448873981660894
termpaper : 0.008781054434308449
pgs : 0.14927792538324364
yr : 0.14927792538324364
air : 0.02830677013406844
airlines : 0.05137774103248623
alcohol : 0.023814373376292067
american : 0.016361367351463152
analysis : 0.034699745425909125
analyzes : 0.024660244956738363
aspects : 0.015009635907986506
bell : 0.025688870516243113
benefit : 0.020365686978485807
business : 0.011230627023447204
cargo : 0.025688870516243113
click : 0.008674936356477281
commission : 0.016293890273512034
communications : 0.03300828559418671
companies : 0.0314138472249313
concerns : 0.025688870516243113
consumer : 0.0195684677938581
consumption : 0.025688870516243113
contributions : 0.023814373376292067
corporate : 0.053240876006982844
cost : 0.017434806221400687
credit : 0.017965782153458208
crisis : 0.023843685293425614
current : 0.019460472467875595
dealing : 0.01718716409008685
depression : 0.02182732633485066
design : 0.01609128501350716
discusses : 0.02021026097866837
dow : 0.026932010077882165
economic : 0.049729384368478326
economics : 0.05698113702440319
economy : 0.024440835410268053
effects : 0.026177037985424492
efficiency : 0.024673151536889603
emphasis : 0.019952829194899616
energy : 0.015895790195617075
examines : 0.03229441183961928
factors : 0.024136927520260743
financial : 0.0314138472249313
financing : 0.020811607355497152
fuel : 0.02307046589648971
future : 0.013205808180443904
growth : 0.02356038541869847
history : 0.009839793169059785
including : 0.009055544958023116
index : 0.02129635040279314
industrial : 0.02302106630055721
industry : 0.07396435789310198
insurance : 0.016722642591819156
investment : 0.04802230428774315
labor : 0.017693970653907053
leading : 0.016293890273512034
life : 0.012034246014224622
management : 0.021807846162580906
market : 0.015175947680408128
marketing : 0.029929243792349423
measures : 0.022414292995897048
mergers : 0.030793554259274616
micro : 0.034655098440667075
microeconomics : 0.034655098440667075
milk : 0.026932010077882165
overview : 0.015175947680408128
paper : 0.020552340414157228
plan : 0.05433487676685836
planning : 0.019952829194899616
practices : 0.02830677013406844
prices : 0.040731373956971614
profit : 0.025688870516243113
prospects : 0.020365686978485807
purchases : 0.028534695718282058
rate : 0.02694867323018731
rates : 0.019952829194899616
science : 0.008318676052297486
services : 0.013205808180443904
statistical : 0.023814373376292067
stock : 0.020811607355497152
street : 0.017693970653907053
studies : 0.012331404248494339
study : 0.013927966115592189
technology : 0.015347377533704807
tendencies : 0.030793554259274616
term : 0.00817270183283217
theory : 0.015347377533704807
title : 0.008519455642733122
transport : 0.025688870516243113
united : 0.011939012402195096
value : 0.017434806221400687
various : 0.016600142051552757
