fn : 0.1337135628319437
termpaper : 0.008103852292845071
pgs : 0.14181741512478876
th : 0.013417338084604189
yr : 0.14181741512478876
achievement : 0.03102852642234077
afn : 0.009784586409066471
analysis : 0.020014795321178305
analyzes : 0.011379213289806005
angelou : 0.03198246874087269
approach : 0.02568291834604299
aspects : 0.013852080439504255
assessment : 0.019206599076152898
black : 0.07379535946532303
boston : 0.023707723689797625
busing : 0.07104682505835211
children : 0.050144526373527384
click : 0.008005918128471321
community : 0.026033015074404142
controversy : 0.020143984972265775
cultural : 0.055515865499213696
culturally : 0.03198246874087269
culture : 0.02413532943502383
desegregation : 0.08525619007002253
discipline : 0.04395557862256479
discusses : 0.02331453628323247
dropout : 0.03198246874087269
education : 0.11948173954296305
educational : 0.07348228686731836
effort : 0.020685684281560514
ethical : 0.020143984972265775
ethnic : 0.019206599076152898
examines : 0.01703076584711468
experiences : 0.022770337793684748
federal : 0.011569656846003173
focuses : 0.022846994591863165
focusing : 0.01609021962334922
generation : 0.0263340765112166
ghetto : 0.02841873002334084
government : 0.008962742188285515
harlem : 0.04262809503501126
history : 0.013621410338145745
income : 0.017121945564028657
innovative : 0.023707723689797625
issue : 0.013016507537202071
issues : 0.017210330001558853
law : 0.008790389015850329
liberal : 0.019653958340881073
literacy : 0.023707723689797625
meaning : 0.018059331460141537
migrant : 0.02841873002334084
minorities : 0.03728248695871348
minority : 0.018795068445440627
motivation : 0.021977789311282393
multiculturalism : 0.04262809503501126
north : 0.01101826594444226
notes : 0.023149467958083845
oppressed : 0.02841873002334084
paper : 0.022760792417529395
particularly : 0.014327007535293536
past : 0.015642860358621044
philosophy : 0.013280226274413129
political : 0.009021501549846557
poverty : 0.019653958340881073
programs : 0.03530228078214005
public : 0.008790389015850329
racial : 0.06831101338105425
reading : 0.018414050593750543
results : 0.01609021962334922
rights : 0.010520323394365563
role : 0.019847102611324916
school : 0.08697355645565812
schools : 0.046987671113601574
science : 0.007677132912017473
segregation : 0.03198246874087269
sociology : 0.022770337793684748
start : 0.019653958340881073
students : 0.016843964991944977
studies : 0.026554257820450962
study : 0.008569219940869914
suggests : 0.02485499130580899
teacher : 0.020143984972265775
teaching : 0.018795068445440627
term : 0.007542416344438943
testing : 0.028192602668160944
title : 0.007862428215272985
united : 0.01101826594444226
urban : 0.02970062375243738
views : 0.020337310269745213
white : 0.01609021962334922
womens : 0.015642860358621044
