political : 0.01907263099396908
fn : 0.08566300385643297
termpaper : 0.01713260077128659
pgs : 0.11136190501336285
yr : 0.11136190501336285
adult : 0.0437322347039513
afn : 0.031028837878751558
black : 0.04254900419764426
board : 0.03817978227171227
choice : 0.04155103149240618
city : 0.04652110337141193
click : 0.016925555173779045
compensation : 0.06559835205592696
cost : 0.034016823008058944
credits : 0.13523022108912477
district : 0.042587011707670576
education : 0.09622856455944644
educational : 0.05178371302787472
examines : 0.018002630202520683
federal : 0.04891952731625255
financial : 0.03064557378736504
financing : 0.06090788348334357
funding : 0.06232654723860927
funds : 0.03817978227171227
government : 0.03789681207872898
including : 0.02650223347769265
involved : 0.03179079678364576
issue : 0.02751859473897612
methods : 0.02807613054753645
paper : 0.04811928396966812
parochial : 0.06761511054456239
personnel : 0.05960283933649243
perspective : 0.035052803223323346
policy : 0.036384882448947796
private : 0.04709324445529134
program : 0.020685891919167705
public : 0.03716805790397585
purchasing : 0.05567367262425684
question : 0.034016823008058944
school : 0.1379050820431427
schools : 0.09933806556082071
science : 0.016230460341167378
specific : 0.024877875406254493
students : 0.05341550854782552
studies : 0.02405964198483406
system : 0.017778507515534427
systems : 0.02751859473897612
tax : 0.10060095502730183
term : 0.015945651945580157
title : 0.016622198781202125
tuition : 0.1201618041204303
urban : 0.04709324445529134
vouchers : 0.06761511054456239
