third : 0.012403048090143665
fn : 0.10273179605873897
termpaper : 0.005870388346213656
pgs : 0.12327815527048677
yr : 0.12327815527048677
abilities : 0.025760627137796865
ability : 0.01103349583641809
achievement : 0.02247690275286883
acquisition : 0.01907626771482916
activity : 0.012615928588616473
advocates : 0.018004826104208
afn : 0.024807661817400378
analysis : 0.008699168022277498
approach : 0.04341066831550283
aspects : 0.010034374843514255
basal : 0.023167933594412438
book : 0.007857416409409415
campaigns : 0.014984601835245885
challenges : 0.01717375142519791
child : 0.01103349583641809
children : 0.015567614333042419
childrens : 0.014237224943394296
classroom : 0.015423272359105783
click : 0.0057994453481849985
comprehension : 0.03087956977396533
conclusion : 0.015920595981543485
content : 0.014237224943394296
cooperative : 0.04293437856299478
critical : 0.013125079101630436
culture : 0.011655671198292078
design : 0.02689372122834763
determine : 0.01333904223644127
development : 0.006801270076079331
developmental : 0.018004826104208
discusses : 0.010133357110812771
discussing : 0.01907626771482916
discussion : 0.016090481635406478
economy : 0.010892935955662608
education : 0.012364564161269654
effect : 0.009523383701937031
effective : 0.01333904223644127
effects : 0.021875131836050728
emergent : 0.023167933594412438
essay : 0.011331606479522508
essential : 0.016494713969726942
examines : 0.012336997978636148
expectations : 0.015920595981543485
experimental : 0.016494713969726942
extensive : 0.018004826104208
gates : 0.023167933594412438
grade : 0.016494713969726942
grammar : 0.023167933594412438
hypothesis : 0.01717375142519791
improve : 0.015920595981543485
includes : 0.01676199818657443
including : 0.006053893184227744
instruction : 0.072019304416832
kindergarten : 0.03087956977396533
language : 0.08541176289211579
learning : 0.088497822279882
level : 0.020291118127622042
levels : 0.013913160224624726
literacy : 0.060108129988192684
literature : 0.026485391825583026
looks : 0.008908561540449327
meaning : 0.013082085545614634
methods : 0.02886038000417155
oral : 0.036009652208416
paper : 0.013739832790842543
positive : 0.013913160224624726
preschool : 0.020586379849310218
previous : 0.014592197680095693
process : 0.009620126668057182
program : 0.014175806752800215
programs : 0.025572788127099594
pupils : 0.023167933594412438
read : 0.03434750285039582
reader : 0.03087956977396533
readers : 0.01907626771482916
reading : 0.44018839380256186
recognition : 0.01907626771482916
remedial : 0.03087956977396533
research : 0.019343160555942335
review : 0.011786124614114123
reviews : 0.016997409719283763
role : 0.010782853234365073
science : 0.005561275051722155
selfconcept : 0.023167933594412438
skills : 0.05993840734098354
spanish : 0.015920595981543485
specific : 0.008524262709033198
spoken : 0.03087956977396533
student : 0.019623128318421952
students : 0.0366050412394782
studies : 0.013739832790842543
study : 0.0062074982439448735
subject : 0.008524262709033198
system : 0.006091704623572318
taught : 0.02861440157224374
teacher : 0.014592197680095693
teachers : 0.014237224943394296
teaching : 0.088497822279882
television : 0.013082085545614634
term : 0.0054636870726010225
test : 0.019262577921005355
tests : 0.02996920367049177
theorists : 0.018004826104208
title : 0.005695502003242442
token : 0.023167933594412438
tv : 0.011655671198292078
understand : 0.014237224943394296
variables : 0.014984601835245885
word : 0.036009652208416
writing : 0.0183025206197391
