fn : 0.09271760417402156
termpaper : 0.026490744049720447
pgs : 0.10596297619888179
th : 0.04386003794042882
yr : 0.10596297619888179
achievement : 0.06761958979434488
activities : 0.07567347088819006
analysis : 0.026170606319120538
boys : 0.09289820150487048
classes : 0.07749835727169141
classroom : 0.06959913661209921
click : 0.026170606319120538
correlation : 0.08124866905848484
curriculum : 0.07184336169822564
development : 0.030691445637433618
ed : 0.07749835727169141
education : 0.2045867801137811
elementary : 0.06959913661209921
fitness : 0.10454773395125612
girls : 0.08608366187280049
grade : 0.07443412942641485
ideal : 0.07443412942641485
mainstreaming : 0.09289820150487048
paper : 0.06200243872842392
physical : 0.37342356706868784
program : 0.04797736277050661
schools : 0.06143934138887735
science : 0.025095837838443675
skills : 0.06761958979434488
studies : 0.037201463237054345
study : 0.028011987873936106
teacher : 0.13169764965061154
teachers : 0.06424697306388855
term : 0.02465546183182142
title : 0.025701551056648664
vs : 0.04854429680545438
