fn : 0.10507995139722444
termpaper : 0.014010660186296592
pgs : 0.11909061158352102
yr : 0.11909061158352102
th : 0.034795630099406866
adolescent : 0.0429715183020431
advantages : 0.031835847470973164
afn : 0.01691646272500826
analysis : 0.027682685795336393
attitudes : 0.04516502434724698
career : 0.034826711796495054
centering : 0.03799715574261712
click : 0.013841342897668196
college : 0.03249458500122847
counseling : 0.07599431148523424
curricula : 0.0429715183020431
curriculum : 0.03799715574261712
design : 0.025674539199329206
development : 0.024348546872364006
discusses : 0.016123297091870988
drug : 0.02960194144180955
economics : 0.022729142435289715
education : 0.11804037252625431
educational : 0.07057928294169592
effectiveness : 0.030648901758755183
examines : 0.022083226381758705
expectations : 0.05699573361392568
guidance : 0.0859430366040862
guide : 0.033979510198234385
home : 0.021261766876539058
includes : 0.020002651169312154
introduction : 0.02960194144180955
involving : 0.03681021003039914
junior : 0.11810215202324491
level : 0.024214067632295635
literature : 0.021070600607908274
mentally : 0.04098802006813901
methods : 0.022960035647763142
middle : 0.031835847470973164
observes : 0.027079139040977515
paper : 0.03279240092747754
peers : 0.049132826573687054
programs : 0.04068914733111846
project : 0.028231713176678365
purpose : 0.03122257750220026
report : 0.018753033830457136
research : 0.018466270610739615
review : 0.018753033830457136
school : 0.16289824999861593
science : 0.019909364685165316
secondary : 0.10742879575510775
social : 0.023395760685935407
students : 0.07280335979851775
studies : 0.03279240092747754
study : 0.014815229142215098
subject : 0.02034457366555923
teacher : 0.034826711796495054
teaching : 0.0487418775018427
term : 0.013039999813274441
thesis : 0.033206075736104346
title : 0.013593264781071961
vocational : 0.06445727745306465
