fn : 0.10534005028682153
termpaper : 0.007802966687912706
pgs : 0.12484746700660329
yr : 0.12484746700660329
admission : 0.025356326145701134
admissions : 0.030795000842077917
adult : 0.049794128623310896
advantages : 0.017730360596457825
afn : 0.023553243274299862
america : 0.02697111493696296
american : 0.009692625213160513
arts : 0.039835302898648714
black : 0.02583833918272787
campus : 0.025356326145701134
charts : 0.022827486424087322
classroom : 0.020500735784256947
click : 0.007708668693008278
college : 0.20811816507593728
colleges : 0.07179647241059181
communications : 0.014665810059793352
compares : 0.02608321759156581
contrasts : 0.019396064738146996
controversy : 0.019396064738146996
counseling : 0.03174267342359722
courses : 0.04619250126311687
crisis : 0.014125219505511214
current : 0.01152856372271838
curricula : 0.02393215747019727
describes : 0.017730360596457825
design : 0.014298938910517502
development : 0.022600755141426985
discusses : 0.031428456583783175
education : 0.10956717746867664
educational : 0.0471693227580641
enrollment : 0.04619250126311687
environment : 0.014859972006096726
equality : 0.022827486424087322
essay : 0.022593091631820248
essays : 0.02192490445976081
ethical : 0.019396064738146996
evaluation : 0.017069314098316624
evaluations : 0.030795000842077917
examines : 0.01229882657399928
facilities : 0.019917651449324357
focuses : 0.014665810059793352
goals : 0.029094097107220492
graphs : 0.022827486424087322
historical : 0.011630639401939842
history : 0.013115664904798747
including : 0.0080468827721047
issue : 0.012533221366266351
issues : 0.011047555067007251
junior : 0.02192490445976081
knowledge : 0.01849348277382049
law : 0.021160032965134766
learning : 0.027145847618600512
liberal : 0.03784846432971652
loan : 0.03424122963613098
method : 0.017069314098316624
minority : 0.027145847618600512
modern : 0.018437528850121565
multiculturalism : 0.027363579156137595
notes : 0.014859972006096726
observes : 0.015081203673811733
opportunity : 0.027145847618600512
overview : 0.02022833620272222
paper : 0.01826309457594665
peer : 0.025356326145701134
personal : 0.022661035023518947
philadelphia : 0.022827486424087322
practices : 0.016769192208136253
preparation : 0.02393215747019727
probability : 0.04619250126311687
program : 0.03768518923887978
programs : 0.028326293779398683
purposes : 0.021161782282398147
questionnaire : 0.022827486424087322
regarding : 0.015062061087880167
research : 0.010284432889644587
results : 0.015492810478917938
school : 0.020936085062655325
science : 0.0073920908484524685
services : 0.01760229629992337
statistics : 0.02838634824728739
status : 0.019582212116165565
student : 0.03477762345542108
students : 0.04865571075643513
studies : 0.014610475660757318
study : 0.008251055834154449
success : 0.017730360596457825
term : 0.007262376133630567
title : 0.007570506375597008
understanding : 0.019396064738146996
universities : 0.025356326145701134
university : 0.024729344645076045
valid : 0.02192490445976081
validity : 0.027363579156137595
vocational : 0.02393215747019727
vs : 0.02144840836577625
workstudy : 0.030795000842077917
written : 0.02045683861856445
