termpaper : 0.02443719799935452
pgs : 0.1466231879961271
fn : 0.13440458899644986
yr : 0.1466231879961271
abortion : 0.5466983828519572
adolescent : 0.07495032261984261
analysis : 0.024141877147095692
antiabortion : 0.09644325845115875
click : 0.024141877147095692
cons : 0.07495032261984261
consent : 0.06627410885340194
effects : 0.036424638127005395
examines : 0.06419542552836834
fetal : 0.07941050978963766
healthcare : 0.07877620525682612
human : 0.03675104757193304
issue : 0.0785026578600249
legal : 0.03964385308480764
mandatory : 0.060744264761328576
medicine : 0.07174641753885092
methods : 0.04004657380423804
paper : 0.05719604812932128
parental : 0.06866404187397959
pill : 0.09644325845115875
pros : 0.07495032261984261
ru : 0.1928865169023175
science : 0.02315042405251781
social : 0.04080655933593385
studies : 0.034317628877592765
term : 0.022744185720827512
tissue : 0.08569679053550068
title : 0.02370918275768365
transplantation : 0.09644325845115875
views : 0.04088482529680045
worker : 0.05667660174632872
