fn : 0.11366821665565142
termpaper : 0.015155762220753525
pgs : 0.14397974109715847
yr : 0.14397974109715847
afn : 0.03659811647237363
air : 0.03257093101964926
analysis : 0.014972606499881464
aspects : 0.02590605428349594
breast : 0.1162090338697079
brief : 0.03009180496866753
cancer : 0.4655490260143193
cancerous : 0.0598133670201898
care : 0.02483657702282071
chemotherapy : 0.05314849028403648
click : 0.014972606499881464
developments : 0.03592003384915134
discusses : 0.043602666414314574
disease : 0.06887563154777848
genetics : 0.0598133670201898
healthcare : 0.04885639652947389
hodgkins : 0.1196267340403796
industry : 0.02321084308009057
information : 0.015248665210289456
male : 0.04433800247755422
mammography : 0.0598133670201898
mastectomy : 0.0598133670201898
medical : 0.02743552250108909
medicine : 0.059328768349434416
nuclear : 0.0506616341682336
nurse : 0.04433800247755422
observes : 0.029292337904903563
overview : 0.02619310200608903
paper : 0.035472549080204065
patient : 0.03443781577388924
regarding : 0.029255157112998018
research : 0.01997553311257891
rights : 0.019675027886577906
role : 0.04639737329209972
science : 0.02153657237577979
screening : 0.049249787321457975
smoking : 0.06387736587795698
studies : 0.02128352944812244
study : 0.016026089216338447
term : 0.014105769028782448
theory : 0.026488983339423202
therapies : 0.04648361354788316
therapy : 0.03515039242921349
tissue : 0.05314849028403648
title : 0.014704252767986497
tobacco : 0.06650700371633134
treatment : 0.0368802190957225
tumor : 0.049249787321457975
tumors : 0.0598133670201898
unproven : 0.05314849028403648
various : 0.028651206713978077
viral : 0.0897200505302847
