relationship : 0.03132518878922464
fn : 0.10507995139722444
termpaper : 0.014010660186296592
pgs : 0.12609594167666932
yr : 0.12609594167666932
acute : 0.07369923986053059
afn : 0.025374694087512386
aging : 0.06445727745306465
analysis : 0.020762014346502294
article : 0.03122257750220026
aspects : 0.023948707959854022
attacks : 0.0393673840077483
blacks : 0.0393673840077483
blood : 0.15040031405715085
cardiac : 0.16588240453599307
cardiovascular : 0.29479695944212236
care : 0.022960035647763142
changes : 0.024214067632295635
click : 0.013841342897668196
cocaine : 0.0429715183020431
development : 0.016232364581576002
disease : 0.06367169494194633
effects : 0.020883459192816426
endurance : 0.055294134845331015
epidemiological : 0.055294134845331015
examines : 0.022083226381758705
factors : 0.03851180879899381
genetic : 0.04552869227939226
healthcare : 0.04516502434724698
heart : 0.18998577871308558
history : 0.02354990498461642
human : 0.021070600607908274
hypertension : 0.11058826969066203
infarction : 0.11058826969066203
medicine : 0.04113461272227453
myocardial : 0.08294120226799653
nursing : 0.03249458500122847
pacemakers : 0.055294134845331015
paper : 0.03279240092747754
patient : 0.031835847470973164
patients : 0.033979510198234385
pressure : 0.10728974914036055
prevention : 0.0393673840077483
procedures : 0.02960194144180955
research : 0.018466270610739615
science : 0.013272909790110211
senescence : 0.055294134845331015
stress : 0.03681021003039914
studies : 0.039350881112973045
study : 0.04444568742664529
system : 0.07269434184129633
term : 0.013039999813274441
title : 0.013593264781071961
treatment : 0.022729142435289715
variables : 0.035763249713453515
various : 0.0264864488733664
