swine : 0.03962159344012573
fn : 0.11545408672624978
termpaper : 0.01003948580228259
pgs : 0.13553305833081494
yr : 0.13553305833081494
affliction : 0.03962159344012573
afn : 0.02424333830017107
aids : 0.28189185681782625
analysis : 0.01487723957950005
anaphylaxis : 0.03962159344012573
based : 0.015375335543499485
bronchodilators : 0.03962159344012573
causes : 0.033559299066855376
click : 0.009918159719666702
college : 0.023284336386230592
communicable : 0.03962159344012573
control : 0.013982410696589747
discrimination : 0.024348375142046935
discusses : 0.023106635959687722
disease : 0.11406155542944206
diseases : 0.030791693050827063
education : 0.028194356495124435
effects : 0.022446393240686445
elderly : 0.025626532437984205
epidemic : 0.03962159344012573
epidemiology : 0.03962159344012573
etiology : 0.03262406293905497
examination : 0.013982410696589747
examines : 0.03164793589742489
factors : 0.01839736089123908
funding : 0.024348375142046935
girdia : 0.03962159344012573
governments : 0.02121158224333487
healthcare : 0.032363472860288435
hepatitis : 0.059432390160188586
history : 0.0224999092209711
hiv : 0.09787218881716489
homophobia : 0.03962159344012573
hospitalassociated : 0.0352066432454764
hospitals : 0.025626532437984205
humans : 0.03962159344012573
illnesses : 0.0352066432454764
immunization : 0.059432390160188586
includes : 0.014333109914316034
increase : 0.021961792661528395
infection : 0.059432390160188586
infections : 0.0704132864909528
information : 0.010101026636115309
kenya : 0.03262406293905497
lack : 0.022812311085888413
lamblia : 0.03962159344012573
law : 0.010890004226642606
leading : 0.02794350290537016
malaria : 0.03962159344012573
measures : 0.025626532437984205
media : 0.019403841669490256
medicine : 0.029475439052585248
paper : 0.02349773951809696
political : 0.01117631879901373
population : 0.03294268899229259
preventative : 0.03262406293905497
print : 0.026376742856177728
reluctance : 0.059432390160188586
report : 0.02015652521585759
research : 0.026464400556792445
rights : 0.013033139491745874
role : 0.012293826299053174
science : 0.009510843002467509
social : 0.01117631879901373
staphylococcus : 0.0352066432454764
stigma : 0.03962159344012573
studies : 0.02349773951809696
study : 0.015924012214960495
term : 0.009343948910785825
title : 0.009740396738029272
tract : 0.0704132864909528
treatment : 0.03257361177031966
urban : 0.01839736089123908
urinary : 0.05280996486821459
vaccine : 0.03962159344012573
various : 0.012652762200652739
victims : 0.023284336386230592
virus : 0.07924318688025146
york : 0.017160698378876293
