termpaper : 0.047050724506219894
pgs : 0.1411521735186597
fn : 0.1411521735186597
yr : 0.1411521735186597
america : 0.08131589876517191
application : 0.08730606877896746
click : 0.046482121671273795
dental : 0.15289486213228742
dentistry : 0.7427570352357897
discusses : 0.054145400681656304
diseases : 0.144307337581488
healthcare : 0.15167358922582938
irrigation : 0.16499829819521772
medicine : 0.13813862481360847
paper : 0.11012373445794693
preventive : 0.18568925880894743
science : 0.06685980677854024
specific : 0.06832132947389294
studies : 0.06607424067476816
term : 0.043791044149055956
title : 0.04564902351852524
