price : 0.03629791694144362
stagflation : 0.06317077702331193
fn : 0.11708908869976438
termpaper : 0.018013705953809904
pgs : 0.13510279465357428
yr : 0.13510279465357428
afn : 0.02174973778929633
age : 0.033010121827708974
aged : 0.18951233106993579
alienation : 0.047327412896227466
art : 0.04216097236124875
children : 0.03184689103559535
click : 0.017796012297001968
death : 0.1560692918284576
decisions : 0.060214970897100505
depression : 0.11194300220301981
discusses : 0.020729953403834128
disease : 0.08186360778250241
dying : 0.0506152080099621
elderly : 0.2069159447706953
examines : 0.028392719633689764
geriatric : 0.07109245908685416
healthcare : 0.05806931701788897
implications : 0.03685551881766569
including : 0.018576803656744564
medical : 0.03260907817272303
medicine : 0.07051647895247062
midlife : 0.07109245908685416
nursing : 0.0417787521444366
pain : 0.07904832441712524
paper : 0.042161658335328256
patients : 0.04368794168344421
psychological : 0.04093180389125121
psychology : 0.03805963899661228
public : 0.029309668518563814
research : 0.02374234792809379
science : 0.0170651697301417
sense : 0.04368794168344421
services : 0.02709077221016778
staphylococcus : 0.06317077702331193
studies : 0.05059399000239392
study : 0.028572227631414832
subject : 0.026157308998576153
suicide : 0.08780533511025651
term : 0.016765714045638567
therapy : 0.0417787521444366
title : 0.017477054718521092
victims : 0.0417787521444366
