fn : 0.09774879199741808
termpaper : 0.008145732666451508
pgs : 0.1221859899967726
yr : 0.1221859899967726
administration : 0.020230017499655154
afn : 0.02950545824129347
agency : 0.016665932281890172
analysis : 0.012070938573547846
analyzes : 0.011438020593629293
andor : 0.02498344087328087
anxiety : 0.05713119369033379
approaches : 0.019755529185019993
behavior : 0.015943648341966873
blue : 0.019305857986107178
business : 0.01041807519746136
care : 0.053395431738984055
city : 0.014745707184047883
click : 0.00804729238236523
committee : 0.015943648341966873
communication : 0.018892200582109574
competition : 0.020248088253776195
cross : 0.023830244225662215
death : 0.019247446138111402
department : 0.014570505366602501
describes : 0.01850921364591463
discusses : 0.009374009937134296
dying : 0.0228880139579932
economics : 0.013214617694935881
effects : 0.012141546042335133
emergency : 0.042802569802789694
evaluation : 0.02672869339426324
examines : 0.021398475176122776
expenditures : 0.02498344087328087
family : 0.02185575804990375
field : 0.020248088253776195
focusing : 0.01617337321313397
health : 0.06180746185040424
healthcare : 0.026258735085608706
history : 0.009127870149076131
hmos : 0.02647016992987922
hospital : 0.24506092806959506
hospitalassociated : 0.028565596845166893
hospitalization : 0.02647016992987922
hospitals : 0.11435922873488041
ill : 0.023830244225662215
includes : 0.011629448354251252
including : 0.008400363410672606
infections : 0.028565596845166893
inflation : 0.021401284901394847
leadership : 0.018892200582109574
literature : 0.012250349190644346
management : 0.013486678333103437
medical : 0.014745707184047883
medicare : 0.0457760279159864
medicine : 0.023915472512950307
mental : 0.01850921364591463
mt : 0.03214775281705292
nursing : 0.03778440116421915
observation : 0.01850921364591463
organization : 0.014570505366602501
organizational : 0.0228880139579932
organizations : 0.024620680095940435
paper : 0.019065349376440426
patient : 0.08329146140661584
patients : 0.06914435214756996
people : 0.009974835808534099
philosophy : 0.02002328690211902
plans : 0.022118560776071824
preventative : 0.02647016992987922
program : 0.01967030549419565
programs : 0.011828240503232113
reducing : 0.0228880139579932
related : 0.021601573376857308
report : 0.010902926645614614
research : 0.010736203843453265
risk : 0.020248088253776195
role : 0.014962253712801148
science : 0.007716808017505936
services : 0.012250349190644346
setting : 0.048264644965267944
sinai : 0.03214775281705292
social : 0.009068124296874189
sociology : 0.0228880139579932
specific : 0.017742360754848165
staffing : 0.028565596845166893
stress : 0.021401284901394847
structure : 0.038275111525558875
studies : 0.015252279501152342
study : 0.03445402126096535
surgery : 0.02209136961780065
systems : 0.013083776310004151
teaching : 0.018892200582109574
term : 0.015162790480551675
title : 0.007903060919227885
tract : 0.028565596845166893
urinary : 0.028565596845166893
various : 0.015399098182189765
workresidence : 0.028565596845166893
york : 0.020885501127779673
