fn : 0.09610971164380283
termpaper : 0.012814628219173714
pgs : 0.12814628219173713
yr : 0.12814628219173713
act : 0.020186345949726594
afn : 0.038680936109012784
age : 0.02348281024328891
alzheimers : 0.07586085573292366
analysis : 0.01265976484542823
analyzes : 0.017993959226563157
anorexia : 0.08987712178113487
aspects : 0.021904306060842097
book : 0.017152165088832747
care : 0.031500048906992116
causes : 0.05711447104061024
centers : 0.03366787502780409
chemical : 0.034753496106052245
click : 0.01265976484542823
community : 0.020583013951104092
dementia : 0.17700866337682183
description : 0.021439603509297803
deterioration : 0.0505739038219491
discussion : 0.026343258043333168
disease : 0.058236306349341155
disorders : 0.04164209659700512
drug : 0.027074946440679468
due : 0.0387325333216624
education : 0.026990938839844734
effects : 0.0477518121786961
examines : 0.020198072910145158
forms : 0.02753964899222377
health : 0.05834021399050352
healthcare : 0.04130947348833565
hospital : 0.04283585328045767
including : 0.013215205853375198
inhibitors : 0.0505739038219491
involved : 0.02377848214711716
mao : 0.04164209659700512
medicine : 0.050164161856432354
mental : 0.16014984246068817
multiinfarct : 0.0505739038219491
nervosa : 0.08987712178113487
nurse : 0.09372260686312274
nursing : 0.029720657013318722
obesity : 0.08987712178113487
paper : 0.029993049628790427
people : 0.015692119747571936
philosophy : 0.021000032604661413
physical : 0.036127971122905576
pica : 0.0505739038219491
program : 0.015472374443605115
psychiatric : 0.1348156826717023
report : 0.017152165088832747
retarded : 0.03930321795918577
role : 0.03923029936892984
science : 0.012139856515344705
speech : 0.03271028937206114
stress : 0.03366787502780409
studies : 0.023994439703032343
study : 0.020325771689014616
term : 0.023853658195014223
therapy : 0.029720657013318722
title : 0.012432864129029234
treatment : 0.041577699576749484
women : 0.021668635029352245
workresidence : 0.044938560890567435
