fn : 0.12320695109917151
termpaper : 0.00849703111028769
pgs : 0.14020101331974688
yr : 0.14020101331974688
additives : 0.027611740600709592
afn : 0.020518620555939934
agents : 0.02168930238686534
allergies : 0.03353417881455385
allergy : 0.03353417881455385
altitude : 0.02979753633175091
analysis : 0.012591518134671204
anorexia : 0.05959507266350182
aspects : 0.021786223548384727
black : 0.014068314056363962
book : 0.01137313372467077
causes : 0.028403288159009672
causing : 0.027611740600709592
click : 0.008394345423114135
clinical : 0.02485796365318404
contributing : 0.02485796365318404
cures : 0.02979753633175091
description : 0.014216017421259459
design : 0.02335621827432239
determined : 0.023044097148487472
dieting : 0.03353417881455385
diets : 0.05030126822183078
discusses : 0.014667419861203393
discussion : 0.011644998164707923
disease : 0.028961181998526802
eating : 0.059687745294766635
economics : 0.013784520344852254
education : 0.01789695675094826
effects : 0.0379955120084935
energy : 0.015381640647510865
examines : 0.022321320466737238
factors : 0.031141624365763187
food : 0.09978747021576032
foods : 0.055223481201419185
habits : 0.07162529435371996
health : 0.01934190382973567
healthcare : 0.027391187272589136
history : 0.009521524926394779
hospital : 0.01893552543933978
hydrotherapy : 0.03353417881455385
illnesses : 0.02979753633175091
includes : 0.018196481858875613
individuals : 0.016631245035960054
internal : 0.018587608883342092
investigation : 0.035905319808124794
involved : 0.01576686417302108
liquid : 0.05030126822183078
literature : 0.019167999205307394
media : 0.01094843896535479
medicine : 0.02494686755394008
methods : 0.013924549921150154
nervosa : 0.05959507266350182
nutrition : 0.32777289964926
nutritional : 0.14898768165875456
obesity : 0.10429137716112818
overweight : 0.03353417881455385
paper : 0.019887574686475593
patterns : 0.01893552543933978
physical : 0.01597031607589357
practices : 0.027391187272589136
pregnancy : 0.02485796365318404
pregnant : 0.03909134077342196
programs : 0.012338353301215167
project : 0.017121658934643215
proteins : 0.03353417881455385
public : 0.00921687689263013
recommendations : 0.02060751966200199
relationship : 0.01899775600424675
report : 0.01137313372467077
research : 0.027998051801997395
results : 0.016870877179199047
review : 0.01137313372467077
reviews : 0.016401813152300774
role : 0.015607526110118718
school : 0.015198882956536841
science : 0.008049608363274386
social : 0.009459202433666608
stress : 0.033486377049217544
studies : 0.019887574686475593
study : 0.01347746586387492
subject : 0.012338353301215167
term : 0.007908355681904984
therapy : 0.01970695855869651
title : 0.00824389373515146
vitamins : 0.04469630449762637
women : 0.02155182298067649
workers : 0.017121658934643215
