fn : 0.0979558868957177
termpaper : 0.008905080626883426
pgs : 0.12912366908980968
yr : 0.12912366908980968
abuse : 0.019844858581906946
afn : 0.037631961570463286
alcohol : 0.024150734582171898
analysis : 0.01319619555921756
andor : 0.027312405700451122
aphasia : 0.03122849146632652
appearance : 0.03122849146632652
approaches : 0.021597146312437112
art : 0.020842288596662515
available : 0.013764974780686317
baby : 0.035144577232201914
birth : 0.023396319934575725
book : 0.011919301163426146
born : 0.027312405700451122
breast : 0.04096860855067668
breastfeeding : 0.0878614430805048
care : 0.08026283648052794
cell : 0.02893772814368152
center : 0.015743519579743463
child : 0.08368626079317111
childbirth : 0.052716865848302874
childhood : 0.039077561505641005
children : 0.039358798949358655
chinese : 0.023396319934575725
click : 0.00879746370614504
clinical : 0.02605170767042734
current : 0.01315689193214188
day : 0.01315689193214188
delivery : 0.027312405700451122
developmental : 0.027312405700451122
disabilities : 0.02110555661193073
discusses : 0.020495716642208884
disease : 0.030351973224444752
drug : 0.03762958657857146
effects : 0.04645684778062977
examines : 0.04210784691437042
exposure : 0.02893772814368152
feeding : 0.02893772814368152
fertilization : 0.035144577232201914
fetal : 0.02893772814368152
fetus : 0.03122849146632652
health : 0.04054150463746854
healthcare : 0.02870658327155528
hospitalization : 0.02893772814368152
includes : 0.019070324208030655
infant : 0.0878614430805048
infants : 0.052716865848302874
introduction : 0.01881479328928573
kidney : 0.03122849146632652
lamaze : 0.052716865848302874
leboyer : 0.035144577232201914
maternal : 0.06245698293265304
medicine : 0.026144880967547367
method : 0.058440702506100985
mortality : 0.035144577232201914
mother : 0.025021642377806123
mothers : 0.04340659221552228
newborns : 0.04684273719948978
normal : 0.019480234168700327
noting : 0.025438257162979143
nursing : 0.030980006886764427
nutrition : 0.06245698293265304
offspring : 0.03122849146632652
paper : 0.020842627708142502
parent : 0.025021642377806123
pediatric : 0.02893772814368152
phillippines : 0.035144577232201914
physiological : 0.04340659221552228
political : 0.00991345791776924
practice : 0.02110555661193073
pregnancy : 0.02605170767042734
pregnant : 0.027312405700451122
progress : 0.02213562190455194
promotion : 0.023396319934575725
proposal : 0.023396319934575725
research : 0.017605554607696666
review : 0.011919301163426146
science : 0.012654257215147445
smoking : 0.03753246356670918
stress : 0.023396319934575725
studies : 0.020842627708142502
study : 0.018832918401120887
subject : 0.01293087309251646
surgery : 0.024150734582171898
teaching : 0.02065333792450962
term : 0.008288135474538839
therapy : 0.030980006886764427
title : 0.008639786937122008
treatment : 0.014446488835989226
tumor : 0.04340659221552228
wilms : 0.035144577232201914
woman : 0.02110555661193073
