fn : 0.11599734894498802
termpaper : 0.013646746934704471
pgs : 0.1364674693470447
yr : 0.1364674693470447
afn : 0.024715611124200378
agency : 0.027920847589140676
analgesic : 0.05385792355064709
analysis : 0.013481827497728763
analyzes : 0.02874359720606842
babies : 0.05385792355064709
body : 0.04188127138371101
cancer : 0.03992339617026527
chemical : 0.05551532494862891
click : 0.013481827497728763
computers : 0.0717849738901272
connecticut : 0.05385792355064709
ct : 0.05385792355064709
data : 0.021919573298578382
diagnostic : 0.06278306245428375
discusses : 0.04711353046325938
drug : 0.07208264961479598
drugs : 0.13568848751881188
effects : 0.06102309504394411
electronic : 0.03392212187970297
electronics : 0.04434612884356389
examines : 0.028679514781504812
future : 0.020523312280430136
gemisch : 0.05385792355064709
health : 0.0414190263828683
healthcare : 0.04399190683173407
industry : 0.031349710134148306
information : 0.0205955997645468
interactions : 0.047856649260084795
left : 0.026710787481996446
literature : 0.020523312280430136
manmachine : 0.05385792355064709
media : 0.01758385652011527
medical : 0.06175961775136937
medicine : 0.06677696870499111
modern : 0.021497147634773773
northwest : 0.0418553749695225
observes : 0.01758385652011527
paper : 0.03194065025403656
patient : 0.031008942341856978
pharmacists : 0.08078688532597064
pharmacology : 0.05385792355064709
pregnancy : 0.03992339617026527
pregnant : 0.0418553749695225
products : 0.026710787481996446
radioactive : 0.06651919326534583
research : 0.017986627218252872
role : 0.025066632843524003
scanner : 0.05385792355064709
science : 0.012928158886470984
setting : 0.032343580262439296
studies : 0.019164390152421936
study : 0.02886083599132811
system : 0.021241853135443734
systems : 0.03287935994786757
technology : 0.02385155209783561
term : 0.012701298519423155
therapies : 0.0418553749695225
title : 0.013240192968576585
unproven : 0.047856649260084795
various : 0.02579848916236987
women : 0.023075689252037453
