fn : 0.1394492652590512
termpaper : 0.008451470621760679
pgs : 0.14367500056993154
th : 0.01399288073702689
yr : 0.14367500056993154
achievement : 0.021573005859321825
ages : 0.0686592209307189
analysis : 0.016698671056168065
art : 0.013187078039711404
aspects : 0.014446271557552695
basis : 0.01756649432135817
black : 0.02798576147405378
book : 0.01131215177440444
brief : 0.01678041671175026
british : 0.017856398993048656
bubonic : 0.033354370885253296
carta : 0.033354370885253296
century : 0.048284949253054245
christopher : 0.02374708150601439
church : 0.021573005859321825
civilization : 0.021573005859321825
click : 0.008349335528084032
conflict : 0.016094983084351415
contributions : 0.03438080445880235
culture : 0.01678041671175026
david : 0.017856398993048656
death : 0.019969870389944
development : 0.014687461250085526
douglas : 0.025921157152706962
economic : 0.01196571648008292
economics : 0.01371060870761444
effectiveness : 0.018487943420160635
effects : 0.012597260907194896
eleanor : 0.02746368837228756
elizabeth : 0.044456646028470194
emphasis : 0.01920392943959507
empire : 0.024724676984802352
england : 0.02773191513024095
english : 0.06302421035558756
europe : 0.031364646692712175
european : 0.02447080166020209
examines : 0.013320981061382598
experienced : 0.02374708150601439
family : 0.015117387605563453
feudal : 0.05003155632787994
figure : 0.021573005859321825
fourteenth : 0.029637764018980127
france : 0.01816287842382586
french : 0.017856398993048656
hanseatic : 0.033354370885253296
henry : 0.04201614023705837
historical : 0.018895891360792345
history : 0.05208759145391031
impact : 0.015117387605563453
inquisition : 0.033354370885253296
ireland : 0.035620622259021587
italian : 0.033306825429650695
italy : 0.019601291220580176
king : 0.03004571195961184
leadership : 0.019601291220580176
league : 0.024724676984802352
magna : 0.033354370885253296
medieval : 0.10686186677706475
middle : 0.04800982359898768
military : 0.01371060870761444
modern : 0.013313246926629335
norman : 0.06670874177050659
observes : 0.010889734198784523
origins : 0.01756649432135817
ottoman : 0.029637764018980127
overview : 0.014606341065057689
paper : 0.019780938897271973
period : 0.014771336553887468
persecution : 0.029637764018980127
philosophy : 0.013849887455085006
plague : 0.05492737674457512
political : 0.0235212071239297
prince : 0.024724676984802352
queen : 0.029637764018980127
religion : 0.026349741482037253
religious : 0.04257463448225625
renaissance : 0.03708701547720353
rights : 0.010971597320129233
rise : 0.03458292650451204
rule : 0.01756649432135817
science : 0.008006446924329216
settlement : 0.025921157152706962
social : 0.01411272427435782
structure : 0.01588468435430701
studies : 0.011868563338363183
study : 0.008936800420907231
system : 0.017540189720420027
term : 0.007865951629991284
throne : 0.033354370885253296
time : 0.009725849452200999
title : 0.008199690551584963
traces : 0.027244317635738792
transition : 0.038881735729060445
war : 0.025650925186173127
wars : 0.03438080445880235
western : 0.014139792126775493
