fn : 0.13545462484798462
termpaper : 0.006157028402181119
pgs : 0.1385331390490752
th : 0.010194032255685605
thth : 0.024299180351952106
yr : 0.1385331390490752
account : 0.012224795768521184
america : 0.058525212294855175
american : 0.011472130623389202
analysis : 0.01824786417173053
analyzes : 0.012968302645706649
argentina : 0.03648128437804433
batista : 0.024299180351952106
bay : 0.016176361829765246
british : 0.019512998509005317
caribbean : 0.02159157417788982
castro : 0.03238736126683473
castros : 0.04859836070390421
central : 0.010885167834432004
century : 0.023450893322121396
change : 0.010885167834432004
cia : 0.016697968832204788
cias : 0.02159157417788982
civilization : 0.02357440777009875
click : 0.006082621390576844
collapse : 0.017300119925280015
colonial : 0.025046953248307184
conquest : 0.0200077260993423
consequences : 0.013990362658142503
countries : 0.010089859415520912
coups : 0.024299180351952106
crisis : 0.011145681016067442
critical : 0.009177301403093157
cuba : 0.04852908548929574
cuban : 0.045030783766266
culture : 0.018337193652781775
detate : 0.024299180351952106
declaration : 0.0157162718467325
derosa : 0.024299180351952106
description : 0.010301059498607927
development : 0.014266726683025784
discusses : 0.024799016523141412
discussion : 0.008438074842005155
doctrine : 0.016697968832204788
domingo : 0.024299180351952106
dominican : 0.03644877052792816
economic : 0.013075817130090614
economy : 0.011424817594122696
effects : 0.009177301403093157
empire : 0.0360246270130128
events : 0.026902873704101687
examines : 0.03881817137418522
full : 0.012406514579594985
future : 0.00925954128277219
government : 0.010214375130594918
historical : 0.02294325350773289
history : 0.03449693112980921
ideology : 0.017300119925280015
imperialism : 0.027018470259759602
instability : 0.024299180351952106
intervention : 0.027980725316285007
involvement : 0.028559693848735957
juan : 0.0200077260993423
latin : 0.04325029981320004
maine : 0.03238736126683473
mayan : 0.04859836070390421
mexican : 0.045030783766266
mexico : 0.04852908548929574
militarism : 0.024299180351952106
modern : 0.009698908405532699
monroe : 0.024299180351952106
origins : 0.012797465589583197
paper : 0.01729286767659948
people : 0.007539573159966203
peron : 0.04859836070390421
peru : 0.0200077260993423
peruvian : 0.024299180351952106
pigs : 0.024299180351952106
policy : 0.013075817130090614
political : 0.04112536058074583
polk : 0.024299180351952106
ponce : 0.02159157417788982
portrait : 0.017300119925280015
portuguese : 0.024299180351952106
power : 0.02274189328114368
president : 0.008506011336973394
puerto : 0.07553587201531013
reasons : 0.014279846924367979
reform : 0.011725446661060698
regime : 0.0200077260993423
relations : 0.019778989968639086
revolution : 0.0542302023194049
rico : 0.07002704134769805
rise : 0.025194202316763656
role : 0.007539573159966203
santo : 0.024299180351952106
science : 0.005832821685107026
sinking : 0.02159157417788982
slavery : 0.017300119925280015
social : 0.017135566908644095
south : 0.01574919961491229
spain : 0.018883968003827533
spanish : 0.10018781299322874
spanishamerican : 0.02159157417788982
studies : 0.00864643383829974
subsequent : 0.016697968832204788
sugar : 0.0200077260993423
term : 0.008595703001914303
title : 0.005973602686994514
traces : 0.019847911090098768
trade : 0.012406514579594985
united : 0.008371299711695389
various : 0.007759701818369062
war : 0.04671774948458289
