termpaper : 0.02671524188065028
pgs : 0.12021858846292627
fn : 0.08014572564195084
yr : 0.12021858846292627
afn : 0.04838395059059565
africanamerican : 0.08681318443104456
american : 0.03318492022132922
british : 0.05644437986785719
civil : 0.046170891671750154
click : 0.02639239111843512
colonial : 0.07245220374651569
employment : 0.05552798628700506
england : 0.08766105375915148
examines : 0.04210784691437042
history : 0.04490447984354826
image : 0.05383165648095451
movement : 0.08667893301593535
observes : 0.03442263437412396
paper : 0.0625278831244275
position : 0.041294924342058954
prostitute : 0.14052821159846934
reformation : 0.08681318443104456
revolution : 0.052289761935094735
rights : 0.06936281017641023
role : 0.06542816030343553
roles : 0.12140789289777901
science : 0.02530851443029489
studies : 0.037516729874656506
suffrage : 0.09368547439897956
term : 0.02486440642361652
title : 0.025919360811366025
victorian : 0.08193721710135336
wartime : 0.10543373169660575
women : 0.3388019629589397
womens : 0.05156841253816599
