fn : 0.11910825725126196
termpaper : 0.007940550483417463
pgs : 0.11910825725126196
yr : 0.11910825725126196
accounting : 0.04462297935387087
american : 0.009863527924727576
analysis : 0.16081409097101904
annual : 0.05524897953609374
bank : 0.014038302093776286
based : 0.03040211184293979
bond : 0.04176909060105637
broadcasting : 0.022311489676935435
business : 0.02031131033459721
charts : 0.034844979277070316
click : 0.007844589803464343
collinsville : 0.03133798574357551
comments : 0.018819564334064176
companies : 0.035508725295183674
company : 0.033212484025738405
comparison : 0.01173183814604087
corporate : 0.03851581760505157
corporation : 0.08388459476583311
current : 0.03519551443812261
data : 0.012754210156099764
determine : 0.01804298660193693
electric : 0.034844979277070316
electronics : 0.025803415019806694
evaluation : 0.01737028437209047
examines : 0.025031364916351176
exxon : 0.03870512252971004
financial : 0.16334013635784492
firm : 0.02086220971496173
food : 0.015542045109171735
form : 0.013284993610295361
future : 0.017912664244758292
graphs : 0.023229986184713544
growth : 0.01420349011807347
historical : 0.011835713648321653
ibm : 0.018416326512031247
includes : 0.022673030292671207
including : 0.008188767354988156
industry : 0.012160844737175915
information : 0.007989225097582384
investment : 0.01737028437209047
leading : 0.014734273572269068
liquidity : 0.06267597148715102
manufacturing : 0.02086220971496173
market : 0.02058500711813546
method : 0.01737028437209047
mill : 0.02153491194480819
mobil : 0.03133798574357551
motors : 0.025803415019806694
paper : 0.018585113875774422
performance : 0.027064479902905395
position : 0.012274058116783264
product : 0.032492270997942045
products : 0.015542045109171735
profit : 0.023229986184713544
profitability : 0.03133798574357551
projections : 0.03653120258674948
ratio : 0.10968295010251429
ratios : 0.025803415019806694
recommendations : 0.02888686320378868
report : 0.037199028064193944
reports : 0.01706487066016888
required : 0.015765983459654524
review : 0.01594244059894026
riegel : 0.03133798574357551
river : 0.022311489676935435
science : 0.0075224299818004966
security : 0.01775357047248248
silver : 0.02784606040070425
statement : 0.01706487066016888
statements : 0.034844979277070316
stock : 0.04704891083516044
studies : 0.011151068325464652
study : 0.041982702229198955
system : 0.00823991280316961
term : 0.014780856211520145
texaco : 0.03133798574357551
textile : 0.034844979277070316
textiles : 0.03133798574357551
thorough : 0.02784606040070425
title : 0.007703991374662949
turner : 0.025803415019806694
utilizing : 0.02784606040070425
