fn : 0.10945828270544213
termpaper : 0.043783313082176846
pgs : 0.13134993924653054
yr : 0.13134993924653054
analysis : 0.06488129483281967
click : 0.04325419655521311
comparison : 0.06468805199969757
court : 0.10873634406064644
freedoms : 0.15354008304277203
history : 0.0735934530769263
justice : 0.08693188102059508
law : 0.1662238145150031
mcreynolds : 0.17279417139165942
paper : 0.1024762528983673
preambles : 0.17279417139165942
rights : 0.05683896945011394
roman : 0.10154557812883895
science : 0.041477843094094406
specific : 0.0635767927048726
studies : 0.06148575173902038
supreme : 0.17811166754351773
term : 0.04074999941648262
time : 0.050385303412096835
title : 0.04247895244084988
