fn : 0.12755369822784468
termpaper : 0.0182219568896921
pgs : 0.12755369822784468
yr : 0.12755369822784468
adults : 0.05120035492337206
association : 0.03787458024200345
basis : 0.03787458024200345
click : 0.01800174654321008
court : 0.0754240536836854
courts : 0.08452348699741508
crimes : 0.062107505904355154
criminal : 0.05681187036300517
defenses : 0.04941826613924191
delinquency : 0.17978584306646644
delinquent : 0.06390107502358143
differential : 0.07191433722658658
drug : 0.07699926964632542
examines : 0.03829461222270296
jersey : 0.04941826613924191
justice : 0.09044935597518564
juvenile : 0.680956596953338
juveniles : 0.06390107502358143
law : 0.049414181028407195
laws : 0.060972745240315124
literature : 0.027403960328204403
major : 0.02579891472295335
minors : 0.10661623717145985
narcotic : 0.07191433722658658
offenders : 0.08383171923086441
paper : 0.04264907635076558
philosophies : 0.04318709272036692
role : 0.022313650045680325
science : 0.02589368239400113
studies : 0.025589445810459344
study : 0.019268361601146804
system : 0.03781786569778422
term : 0.01695953732940317
theory : 0.04777203931734125
title : 0.017679101593879715
treated : 0.05921361712637721
treatment : 0.04434153509774727
