fn : 0.1153316539725634
termpaper : 0.00591444379346479
pgs : 0.11828887586929582
th : 0.009792391209964408
yr : 0.11828887586929582
aclu : 0.07002540529192952
aclus : 0.023341801763976506
activities : 0.016895202693610913
acts : 0.013717226313839408
administration : 0.024480978024911025
administrators : 0.019219429198617747
advantages : 0.013439147619078728
advocates : 0.01813994675039343
affairs : 0.019407137605215525
alienation : 0.015539019243601888
allowing : 0.01730263511319189
american : 0.011020132981567113
analysis : 0.020450389365691754
attitudes : 0.025421214454360398
authoritarianism : 0.023341801763976506
authority : 0.03472903513137624
behavior : 0.011576345043792081
black : 0.014688586814946614
breaking : 0.020740874257184967
city : 0.026766363415696673
civil : 0.010221698343839621
clash : 0.023341801763976506
click : 0.005842968390197644
commission : 0.010974684067900226
community : 0.03799941037126909
contract : 0.014344070909198382
corruption : 0.04010018781467567
crime : 0.0258761834736207
crowd : 0.019219429198617747
defending : 0.023341801763976506
department : 0.037027672643645565
determining : 0.016040075125870266
discusses : 0.00680626987930764
discussion : 0.008105617859487128
effectiveness : 0.0258761834736207
effects : 0.008815719171451587
enforcement : 0.0588068304256014
england : 0.01293809173681035
establish : 0.020740874257184967
examination : 0.008237292605495647
examines : 0.02175177082631017
expectations : 0.016040075125870266
fair : 0.013717226313839408
force : 0.012496129126467446
forces : 0.011743143402406842
functions : 0.019407137605215525
history : 0.006627552997546835
housing : 0.016618501691826205
includes : 0.012665843845483775
including : 0.0060993257784808606
influence : 0.00969232274061296
internal : 0.01293809173681035
interrogation : 0.023341801763976506
investigation : 0.018744193689701167
irish : 0.015097056633258988
issues : 0.012560634841663029
law : 0.04811624756799875
legal : 0.00959485374848065
liberties : 0.019219429198617747
media : 0.011431156255572122
methods : 0.00969232274061296
modern : 0.023291937634299917
motivational : 0.01730263511319189
motivations : 0.019219429198617747
negotiations : 0.03208015025174053
officers : 0.013717226313839408
organization : 0.02115867008208318
paper : 0.019380124375526123
personal : 0.00858823466182144
philadelphia : 0.025953952669787835
police : 0.4748529068057629
policemen : 0.05185218564296242
policewomen : 0.03501270264596476
policy : 0.008373756561108685
position : 0.018284431791230606
preindustrial : 0.023341801763976506
procedures : 0.012496129126467446
profession : 0.016618501691826205
protection : 0.011576345043792081
public : 0.012830999351466334
relations : 0.018999705185634545
role : 0.021727550419714987
science : 0.005603010699389864
search : 0.01293809173681035
seizure : 0.020740874257184967
selfincrimination : 0.023341801763976506
societies : 0.01813994675039343
society : 0.012665843845483775
sociological : 0.015539019243601888
sports : 0.016040075125870266
stronger : 0.020740874257184967
studies : 0.008305767589511195
study : 0.015635208991549705
suburban : 0.019219429198617747
support : 0.008815719171451587
surveillance : 0.01813994675039343
survey : 0.014344070909198382
term : 0.005504690352695589
tests : 0.015097056633258988
title : 0.005738244982628877
traditional : 0.014344070909198382
training : 0.0381318216815406
treatment : 0.00959485374848065
urban : 0.010838220112287187
values : 0.02636052509566626
various : 0.00745397247843332
vs : 0.021676440224574375
wiretapping : 0.020740874257184967
women : 0.01000090847508565
york : 0.03032903916116598
