fn : 0.08756662616435369
termpaper : 0.019459250258745266
pgs : 0.10702587642309895
yr : 0.10702587642309895
afn : 0.023495087118067023
analysis : 0.019224087357872493
behavior : 0.038087604372476415
bolivia : 0.05692780565019307
centers : 0.07668793756333153
change : 0.03440250574832831
click : 0.019224087357872493
common : 0.05348862333193584
community : 0.03125568785167658
criminal : 0.040446310999176525
current : 0.04312536799979838
development : 0.03381742621161667
discusses : 0.03359020227473122
education : 0.04098624046050496
employment : 0.040446310999176525
ethics : 0.04837043305068757
examines : 0.04089486366992353
historical : 0.02900480443446726
history : 0.0327082013675228
ideology : 0.054676922232983746
italy : 0.045131368057261756
korean : 0.05968266430839319
labor : 0.058816069118079926
law : 0.11609282283587517
legal : 0.06313650676469365
literature : 0.029264723066539267
modification : 0.054676922232983746
officer : 0.05277382742030155
paper : 0.04554500128816324
parole : 0.09485144224873387
probation : 0.23039222852221256
procedure : 0.04837043305068757
programs : 0.04238452846991506
rehabilitation : 0.07916074113045232
rights : 0.025261764200050642
role : 0.023828774431498122
science : 0.018434596930708626
social : 0.04332548275173223
standards : 0.04421645482079606
status : 0.03255643495856332
studies : 0.027327000772897944
study : 0.030865060712948117
support : 0.02900480443446726
techniques : 0.03981306045118207
term : 0.018111110851770054
thesis : 0.04611954963347826
title : 0.0188795344181555
