fn : 0.12484746700660329
termpaper : 0.031211866751650823
pgs : 0.1404534003824287
yr : 0.1404534003824287
action : 0.1091031392990104
affirmative : 0.2393215747019727
analyzes : 0.04382687098747066
bakke : 0.16418147493682556
burelson : 0.12318000336831167
centering : 0.08464712912959259
civil : 0.10788445974785184
click : 0.03083467477203311
constitutional : 0.0723889269829347
effects : 0.04652255760775937
future : 0.04693945679979566
government : 0.034519868428149164
history : 0.034975106412796664
housing : 0.08769961783904325
including : 0.0321875310884188
law : 0.05078407911632343
paper : 0.0730523783037866
parma : 0.12318000336831167
programs : 0.06798310507055684
rights : 0.14181604258840314
science : 0.029568363393809874
strike : 0.08464712912959259
studies : 0.04383142698227195
study : 0.033004223336617795
term : 0.029049504534522267
title : 0.03028202550238803
vs : 0.05719575564207001
