fn : 0.14796972747772422
termpaper : 0.012866932824149932
pgs : 0.14796972747772422
yr : 0.14796972747772422
allen : 0.06768297538211993
american : 0.01598294116782387
analysis : 0.04449003074250492
author : 0.03284380075725323
authors : 0.04797557237272277
autobiographical : 0.18048793435231983
autobiography : 0.05078032791918155
biographical : 0.06761058985175353
biography : 0.13137520302901293
black : 0.02130344699963686
book : 0.017222173925930024
charles : 0.03615372000711579
click : 0.012711437355001406
concluding : 0.04181206433821739
critical : 0.038357374027622015
dickens : 0.04181206433821739
discusses : 0.014807109574167235
discussion : 0.01763385436370057
edgar : 0.06271809650732607
examines : 0.04056102804812823
fitzgerald : 0.04181206433821739
formative : 0.05078032791918155
hemingway : 0.03946363925697836
horacio : 0.04512198358807996
including : 0.013269145469103261
influences : 0.029237002779465154
invariably : 0.05078032791918155
letters : 0.037642059246250116
life : 0.08816927181850284
literary : 0.03284380075725323
literature : 0.04837637894672817
looks : 0.019526112437637914
novel : 0.03284380075725323
paper : 0.03613856428742422
period : 0.022488606263673574
playwright : 0.04512198358807996
poe : 0.08362412867643478
quiroga : 0.04512198358807996
reflect : 0.04181206433821739
relationship : 0.019178687013811008
science : 0.012189406950101215
shakespeare : 0.09038430001778947
short : 0.06796364106537907
sketch : 0.07230744001423157
social : 0.014323935113838006
stories : 0.060990751352028395
story : 0.04077818463922744
studies : 0.01806928214371211
study : 0.020408734022439163
term : 0.011975510032598977
theme : 0.027185456426151628
themes : 0.029237002779465154
title : 0.012483610513229352
various : 0.016216193187775348
wealth : 0.03946363925697836
writer : 0.03946363925697836
writers : 0.03489534711056674
writings : 0.03120567263103158
