black : 0.1369393238544873
native : 0.04346033043319239
saga : 0.01865244428815514
fn : 0.15123951025687474
termpaper : 0.0047262346955273355
pgs : 0.15832886230016577
yr : 0.15832886230016577
adolescent : 0.014495639607135976
afn : 0.008559679414828015
african : 0.01174814116073671
alienation : 0.012417237266626396
america : 0.012252245616041643
american : 0.02935397740717277
analysis : 0.03268383068040091
analyzes : 0.006636452728237686
attitudes : 0.015235577928231736
baldwin : 0.07458318876440502
blacks : 0.026559704353053576
bluest : 0.01865244428815514
book : 0.009488978887225313
boy : 0.021743459410703964
cabin : 0.015358254517036369
career : 0.01174814116073671
character : 0.021922883434112157
characters : 0.024128129491835203
click : 0.004669118668628702
community : 0.00759133647971755
comparison : 0.017457045517159767
critical : 0.017611612887495114
crow : 0.01865244428815514
discusses : 0.016316679965536606
discussion : 0.01619300719305337
dubois : 0.030716509034072737
ellison : 0.06528355500854299
ellisons : 0.04663111072038785
examination : 0.006582424225980779
examines : 0.027314335479686556
experience : 0.009985662405408019
eye : 0.013279852176526788
family : 0.008453951389617942
faulkner : 0.014495639607135976
frederick : 0.014495639607135976
gone : 0.016574041947645557
harlem : 0.033148083895291114
hemingway : 0.021743459410703964
history : 0.00529608058124807
hughes : 0.07458318876440502
identity : 0.024128129491835203
influence : 0.007745139461389366
injustice : 0.014495639607135976
invisibility : 0.027978666432232707
invisible : 0.07458318876440502
jackson : 0.015358254517036369
james : 0.012064064745917601
jesse : 0.01865244428815514
jim : 0.013826543501246293
langston : 0.055957332864465414
law : 0.005126628676410462
life : 0.019431608631664044
literary : 0.012064064745917601
literature : 0.03198498218216961
lived : 0.014495639607135976
looks : 0.007172260190736564
mainstream : 0.015358254517036369
mans : 0.014735312702848419
marriages : 0.014495639607135976
minorities : 0.014495639607135976
miscegenation : 0.01865244428815514
modern : 0.011167558703821757
morrison : 0.024128129491835203
movement : 0.00766725194593731
negro : 0.055957332864465414
novel : 0.030160161864794005
novels : 0.01922644687126428
observes : 0.0060897614035181815
paper : 0.011061904360843247
particularly : 0.008355631081303128
plot : 0.012417237266626396
political : 0.005261415446612161
protest : 0.020739815251869437
racial : 0.019919778264790182
racism : 0.021743459410703964
rainbow : 0.016574041947645557
ralph : 0.04607476355110911
reality : 0.011201449836017207
relations : 0.00759133647971755
review : 0.031629929624084376
reviews : 0.009123047495507627
revolt : 0.024861062921468335
richard : 0.02483447453325279
role : 0.005787498437635226
science : 0.0044773683699772075
short : 0.014978493608112027
significance : 0.011201449836017207
slave : 0.014495639607135976
slavery : 0.026559704353053576
social : 0.010522830893224321
society : 0.013495042018276565
sociology : 0.013279852176526788
son : 0.04486170936628333
soul : 0.012817631247509523
south : 0.006044670316967835
stories : 0.011201449836017207
story : 0.019971324810816038
studies : 0.011061904360843247
study : 0.00749646152248515
sula : 0.016574041947645557
term : 0.0043988005367117675
theme : 0.024964156013520047
themes : 0.010739228906999942
title : 0.004585434146538518
toms : 0.024861062921468335
toni : 0.0414351048691139
trains : 0.01865244428815514
uncle : 0.024861062921468335
united : 0.006425945205979069
urban : 0.008660826566490362
view : 0.01253344662195469
views : 0.007907260064898438
washington : 0.00876987497479883
white : 0.02815185352391085
william : 0.01680217475402581
woman : 0.011201449836017207
women : 0.007991730460600676
world : 0.008500105681319677
wright : 0.03730488857631028
wrights : 0.04663111072038785
writer : 0.021743459410703964
writers : 0.012817631247509523
writings : 0.011462353515146533
