fn : 0.1481896750473678
termpaper : 0.0134717886406698
pgs : 0.1481896750473678
yr : 0.1481896750473678
america : 0.023282757338745807
analysis : 0.026617967110900382
appraisal : 0.04377758873018487
book : 0.018031763298516478
budgeting : 0.047243102474699095
business : 0.20675872314961774
cleaners : 0.05316743735127983
click : 0.013308983555450191
concepts : 0.031928918977023414
costs : 0.02532045839383126
development : 0.015608042866900004
discusses : 0.02325475542096777
entrepreneur : 0.05316743735127983
feasibility : 0.04131876759811837
food : 0.02636834148863752
history : 0.01509609293885668
includes : 0.038466636864061834
legal : 0.021854944649317035
location : 0.1061832981646129
management : 0.022304891089363378
manual : 0.04131876759811837
market : 0.046565514677491614
marketing : 0.07652847949753164
opening : 0.14461568659341428
operating : 0.03438774010908992
operation : 0.03267260595984076
paper : 0.03153115473795917
performance : 0.03061139179901266
personnel : 0.03124479327041199
philosophy : 0.02207695735361841
plan : 0.023817119364227292
policy : 0.03814711322282846
press : 0.02102042781543741
procedures : 0.028463405232509186
product : 0.027562888004664516
promoting : 0.047243102474699095
requirements : 0.03061139179901266
restaurant : 0.04377758873018487
science : 0.012762413259721357
selling : 0.03438774010908992
shop : 0.05480359001339007
sports : 0.036535726675593384
start : 0.03267260595984076
startup : 0.05316743735127983
starting : 0.08263753519623673
steps : 0.05911733663673895
stock : 0.031928918977023414
store : 0.133948891524981
studies : 0.0189186928427755
study : 0.035613531591863215
term : 0.012538461358917733
title : 0.013070446904876886
type : 0.03267260595984076
