fn : 0.134717886406698
termpaper : 0.0269435772813396
pgs : 0.134717886406698
yr : 0.134717886406698
american : 0.03346855201809272
click : 0.026617967110900382
de : 0.10163770214833243
et : 0.07078886544307528
examines : 0.04246774304184366
french : 0.1423170261625459
history : 0.03019218587771336
la : 0.04370988929863407
languages : 0.08755517746036974
le : 0.0698482720162374
life : 0.05538838870649537
literature : 0.12156115735331696
national : 0.03208179056830864
paper : 0.075674771371102
political : 0.029994564981968473
puerto : 0.12395630279435509
rican : 0.15950231205383947
science : 0.025524826519442715
spanish : 0.25575008672915367
studies : 0.037837385685551
term : 0.025076922717835466
theme : 0.05692681046501837
title : 0.026140893809753773
written : 0.28254915562051414
