family : 0.035688516309336504
fn : 0.16959106079931793
termpaper : 0.01995188950580211
pgs : 0.17956700555221897
yr : 0.17956700555221897
advertising : 0.04959500097602143
analysis : 0.039421546227536
art : 0.04669727951404133
book : 0.0667631742381781
books : 0.039614528060018014
charles : 0.05606114811229979
click : 0.019710773113768
communications : 0.037499919393395656
desire : 0.08409172216844969
discusses : 0.06888117428489188
events : 0.03487157300379763
examines : 0.020965088337112695
fiction : 0.06483516305609657
fosseys : 0.07874164772278151
function : 0.039614528060018014
gorillas : 0.07874164772278151
house : 0.031734406372094064
life : 0.04101545239658202
literature : 0.09001680639454485
merchants : 0.06483516305609657
modern : 0.03142937407362495
murder : 0.054109873684106656
nonfiction : 0.07874164772278151
novels : 0.054109873684106656
paper : 0.046698039295458516
recounting : 0.07874164772278151
reichs : 0.06483516305609657
relationships : 0.05836901591981821
review : 0.04005790454290686
science : 0.06615453455513791
society : 0.04272718208634717
space : 0.041470268239662
studies : 0.02801882357727511
term : 0.018569619987257906
title : 0.019357497314817666
utopianism : 0.07874164772278151
wiesel : 0.07874164772278151
