fn : 0.1493241414592137
termpaper : 0.03318314254649193
pgs : 0.1493241414592137
yr : 0.1493241414592137
advertisement : 0.11636722083241671
advertising : 0.4949059044765087
analysis : 0.049173191873294914
business : 0.04243994843597417
click : 0.03278212791552994
commercials : 0.13095979305473135
examines : 0.03486825218172427
history : 0.037184060502025926
mass : 0.10345740602947259
media : 0.1496478736475073
paper : 0.07766621272297311
science : 0.03143583897657681
sex : 0.08470243353186357
studies : 0.046599727633783866
subliminal : 0.13095979305473135
television : 0.1478964197472644
term : 0.03088421008407104
title : 0.03219457448148622
tv : 0.09882782263393969
various : 0.041820708747420623
women : 0.05611036018127001
