price : 0.018942749894888564
fn : 0.11594308752576453
termpaper : 0.006267193920311596
pgs : 0.11907668448592032
yr : 0.11907668448592032
analysis : 0.08358465020212157
aspects : 0.01606896408837124
beta : 0.021977904530973334
bond : 0.06593371359292001
bonds : 0.020365717222392162
business : 0.020038743048794962
buying : 0.01760966481459914
capital : 0.019233744909815595
changing : 0.013026446087209933
charts : 0.027501902133194665
choice : 0.02279937314493858
click : 0.006191455570527523
closed : 0.016465799715387287
commercial : 0.013468695133373848
common : 0.022969269661427715
companies : 0.044841237191850236
company : 0.015728059035647887
compares : 0.020949542558633374
corp : 0.01922185212318031
corporation : 0.01986213764733742
current : 0.02777856706150035
data : 0.015099666298126061
discusses : 0.0072122104287693275
discussion : 0.008589054312339242
eastman : 0.050914293055980414
efficiency : 0.01760966481459914
electric : 0.018334601422129775
employee : 0.014535351143690664
estate : 0.016996739646299903
evaluation : 0.013709747307594266
examination : 0.008728582422920834
examines : 0.016463637958567624
exxon : 0.020365717222392162
financial : 0.0280257732449064
financing : 0.022280418610209178
firms : 0.02469869957308093
forecasting : 0.016465799715387287
funds : 0.013966361705755583
future : 0.018850437919599845
graphs : 0.018334601422129775
growth : 0.011210309297962559
history : 0.0070228344884542
hypothetical : 0.020365717222392162
ibm : 0.014535351143690664
impact : 0.011210309297962559
includes : 0.013421261967480818
including : 0.0064631026638773325
industry : 0.028794365968144164
insider : 0.021977904530973334
institutional : 0.020365717222392162
investment : 0.11653285211455128
investments : 0.021977904530973334
investor : 0.024733956938766358
investors : 0.018334601422129775
kodak : 0.049467913877532715
line : 0.013468695133373848
literature : 0.009425218959799923
malkiel : 0.024733956938766358
market : 0.08123506785188644
model : 0.017902868858239794
money : 0.011484634830713858
notes : 0.011935245905493195
option : 0.014535351143690664
paper : 0.020535996604682753
performance : 0.028481374477013762
plans : 0.0170176600801984
political : 0.006976867003758073
portfolio : 0.09893582775506543
pricing : 0.018334601422129775
projections : 0.028832778184770466
purchase : 0.027501902133194665
purchasing : 0.020365717222392162
random : 0.021977904530973334
rates : 0.014240687238506881
ratios : 0.020365717222392162
real : 0.013468695133373848
report : 0.008388534019588181
review : 0.008388534019588181
rights : 0.008135995627054082
risk : 0.015578549014336751
science : 0.005937186287822658
securities : 0.07043865925839655
security : 0.018683015182440144
segments : 0.024733956938766358
splits : 0.03710093540814954
stock : 0.22280418610209177
stocks : 0.08146286888956865
strategies : 0.014535351143690664
street : 0.012628499929925709
studies : 0.008801141402006893
study : 0.016567726426433386
subject : 0.009100455416999656
tax : 0.01226678311797451
term : 0.00583300190454622
terms : 0.011629237789643776
theories : 0.011629237789643776
theory : 0.016430542349701864
title : 0.006080486234077915
trading : 0.04249184911574976
trends : 0.013468695133373848
types : 0.012097559999013094
value : 0.03733058906649809
various : 0.011847815102400476
walk : 0.020365717222392162
wall : 0.018334601422129775
warrants : 0.021977904530973334
