fn : 0.09394565191142581
termpaper : 0.020876811535872404
pgs : 0.11482246344729823
yr : 0.11482246344729823
afn : 0.025206649755807005
analyzes : 0.029314662051222094
based : 0.0319725520573433
civil : 0.07216112870551679
click : 0.020624517562750622
colonial : 0.05661827842442948
coverage : 0.15438098599619218
discusses : 0.024024780434907102
economics : 0.03386792746980256
events : 0.03648813599072864
examines : 0.04387395969885836
history : 0.023393945348956707
journalism : 0.061074864339942234
mass : 0.10848182751434764
media : 0.13449903497174265
medicine : 0.04086219806848463
movement : 0.08466981867450639
news : 0.03779197801474523
newspaper : 0.15986883150053724
newspapers : 0.061074864339942234
paper : 0.04886284906412216
parenthood : 0.082391922782778
philadelphia : 0.061074864339942234
political : 0.02324082187344577
press : 0.08143675676841645
print : 0.16454895212264517
private : 0.03825676370760974
public : 0.0226454392527535
rights : 0.06775506292066563
science : 0.019777514587912565
single : 0.04841908361110202
studies : 0.029317709438473293
study : 0.02207567256290329
term : 0.019430463297925492
times : 0.055362972826779995
title : 0.02025486474000789
tv : 0.041450963135647986
york : 0.03568516086733216
