fn : 0.11992820539900616
termpaper : 0.011421733847524396
pgs : 0.13706080617029273
yr : 0.13706080617029273
afn : 0.020685891919167705
african : 0.056782682276894106
afroamerican : 0.06008090206021515
albums : 0.04507674036304159
american : 0.014187755746800172
analysis : 0.028209258622965076
art : 0.026732500591371486
astaire : 0.04507674036304159
based : 0.017492229567604486
black : 0.028366002798429508
censorship : 0.030008323394347124
classical : 0.02770068766160412
click : 0.01128370344918603
commodity : 0.03711578174950456
composer : 0.033414146794678544
concert : 0.06761511054456239
conducting : 0.04507674036304159
contemporary : 0.02146734515998737
criticism : 0.02770068766160412
cuba : 0.030008323394347124
current : 0.016875143999921106
dance : 0.03503112905057861
dances : 0.04507674036304159
dancing : 0.06008090206021515
design : 0.02093033086901837
developed : 0.022355767783844852
development : 0.01984935886334022
directing : 0.04507674036304159
discusses : 0.026287984388920087
economics : 0.027793788304022748
education : 0.016038094093241074
elvis : 0.03711578174950456
especially : 0.022677882005372633
examines : 0.018002630202520683
folk : 0.03711578174950456
forms : 0.036819313326560035
fred : 0.04507674036304159
hip : 0.03711578174950456
history : 0.04479601491638993
hop : 0.03711578174950456
influence : 0.02807613054753645
instrument : 0.05012122019201781
instruments : 0.03711578174950456
irish : 0.02915482313596754
jazz : 0.033414146794678544
latin : 0.03209297609327307
methods : 0.0187174203650243
mexican : 0.033414146794678544
modern : 0.017992177911712832
music : 0.24927237322318577
musical : 0.07743985545370337
observes : 0.022075385087753408
orchestra : 0.04507674036304159
paper : 0.026732935538704514
perspective : 0.035052803223323346
piano : 0.052546693575867914
rap : 0.0400539347068101
rights : 0.014827557247855812
rock : 0.052546693575867914
roll : 0.0400539347068101
sacheverell : 0.04507674036304159
science : 0.016230460341167378
song : 0.033414146794678544
sound : 0.048139464139909605
studies : 0.016039761323222705
study : 0.012077632452892742
styles : 0.05830964627193508
term : 0.010630434630386772
theme : 0.036198026219604065
theory : 0.01996271208188415
title : 0.011081465854134751
various : 0.014394809170307825
written : 0.01996271208188415
