termpaper : 0.03426520154257318
fn : 0.11992820539900616
pgs : 0.13706080617029273
yr : 0.13706080617029273
century : 0.06525465967894649
click : 0.03385111034755809
death : 0.05397653373513849
discusses : 0.0591479648750702
electronic : 0.08517402341534115
elvis : 0.11134734524851368
examines : 0.036005260405041366
folk : 0.16702101787277052
history : 0.09599146053512127
horne : 0.1201618041204303
influence : 0.0561522610950729
jazz : 0.15036366057605344
lena : 0.1201618041204303
music : 0.5341550854782552
origins : 0.07122067806376736
paper : 0.08019880661611353
prominent : 0.10509338715173583
rights : 0.04448267174356743
science : 0.032460920682334755
studies : 0.04811928396966812
term : 0.031891303891160315
title : 0.03324439756240425
