amadeus : 0.03273994826368284
fantasie : 0.03273994826368284
spiritual : 0.021795519096946856
notre : 0.03273994826368284
opus : 0.03273994826368284
fn : 0.09954942763947579
termpaper : 0.008295785636622982
pgs : 0.1327325701859677
yr : 0.1327325701859677
afn : 0.04006530645396692
analysis : 0.02048882994720621
analyzes : 0.01164872097298562
ancient : 0.02011944682790194
art : 0.019416237271627713
bachs : 0.03273994826368284
baroque : 0.0818498706592071
beethoven : 0.13095979305473135
beethovens : 0.04910992239552426
brahms : 0.03273994826368284
brandenburg : 0.03273994826368284
career : 0.020621079353187858
chopin : 0.03273994826368284
christian : 0.03017917024185291
classical : 0.06035834048370582
click : 0.008195531978882484
composer : 0.10921150083944935
composers : 0.04363770781215627
compositions : 0.029091805208104178
concerto : 0.04910992239552426
contrasts : 0.020621079353187858
dame : 0.03273994826368284
development : 0.04325070826012027
discusses : 0.01909337813511038
discussion : 0.011369195576596419
earlier : 0.021175608382965894
era : 0.07411462934038063
examines : 0.030509720659008734
expression : 0.023309635267745703
father : 0.02249831590023382
final : 0.020621079353187858
form : 0.020818983407712863
genius : 0.029091805208104178
haydn : 0.04910992239552426
history : 0.018592030251012963
influence : 0.02039213692400016
la : 0.020187067294500736
life : 0.028422988941491048
lohengrin : 0.029091805208104178
looks : 0.018883806107452456
major : 0.0293632384675719
minor : 0.02249831590023382
motet : 0.03273994826368284
movement : 0.04037413458900147
mozart : 0.13095979305473135
mozarts : 0.03273994826368284
music : 0.08621450502456049
musical : 0.06749494770070147
op : 0.09821984479104852
observes : 0.032067401495894425
opera : 0.03496445290161856
palestrina : 0.03273994826368284
paper : 0.019416553180743278
parsifal : 0.029091805208104178
particularly : 0.014666331397971542
period : 0.014499232985789541
personal : 0.012046129144081123
piano : 0.03816549322878828
pieces : 0.04910992239552426
play : 0.01885017284465516
rhythm : 0.03273994826368284
robert : 0.0155920717477803
romantic : 0.05624578975058454
schumann : 0.04910992239552426
schumanns : 0.03273994826368284
science : 0.007858959744144203
sonata : 0.03273994826368284
studies : 0.011649931908445967
style : 0.05546115740522415
symphonic : 0.04910992239552426
symphonies : 0.03273994826368284
symphony : 0.06547989652736567
term : 0.00772105252101776
texture : 0.03273994826368284
thinker : 0.029091805208104178
third : 0.017527465327387234
title : 0.008048643620371556
trumpet : 0.03273994826368284
various : 0.010455177186855156
wagner : 0.05391555664664873
wagners : 0.026957778323324365
waltz : 0.03273994826368284
