fn : 0.1404534003824287
termpaper : 0.031211866751650823
pgs : 0.15605933375825412
yr : 0.15605933375825412
butterfly : 0.12318000336831167
christian : 0.07569692865943305
click : 0.03083467477203311
drama : 0.10142530458280453
dramatic : 0.09572862988078908
evolution : 0.07758425895258798
la : 0.050634228197427585
lohengrin : 0.10945431662455038
looks : 0.07104798337457359
madame : 0.10142530458280453
music : 0.22705998353003062
observes : 0.04021654313016463
opera : 0.350798471356173
operas : 0.12318000336831167
paper : 0.0730523783037866
parsifal : 0.10945431662455038
personal : 0.04532207004703789
science : 0.029568363393809874
studies : 0.04383142698227195
style : 0.06955524691084217
term : 0.029049504534522267
title : 0.03028202550238803
traviata : 0.12318000336831167
various : 0.0393363102079699
wagner : 0.20285060916560907
wagners : 0.10142530458280453
