jazz : 0.5255357352486574
swing : 0.04064296315838083
fn : 0.1101021549566506
termpaper : 0.011589700521752695
pgs : 0.1101021549566506
yr : 0.1101021549566506
african : 0.028808860861071275
american : 0.02879279842732976
analysis : 0.011449640264615236
armstrong : 0.07532320413870043
art : 0.01808375040004542
artsitic : 0.04573963360367455
ben : 0.020256281377205976
black : 0.05756629979681283
blaze : 0.04573963360367455
book : 0.015512619896517851
click : 0.011449640264615236
comparison : 0.017123307882272887
composer : 0.03390553130636499
continuing : 0.03390553130636499
contribution : 0.03390553130636499
contributions : 0.03143147074297372
dance : 0.053319439069630686
davis : 0.05761772172214255
development : 0.020141261199565812
discussion : 0.02382515249507338
era : 0.02958357053502588
examines : 0.01826737476432246
form : 0.038780459288876905
gershwin : 0.04064296315838083
grew : 0.04064296315838083
history : 0.03246769988687925
influence : 0.028489014820294343
influenced : 0.0325649316240565
influences : 0.026334800297680004
innovations : 0.04573963360367455
innovator : 0.04573963360367455
known : 0.036134020488234914
leading : 0.021505539000701544
life : 0.02382515249507338
literature : 0.01742972476757118
louis : 0.07109258542617423
major : 0.016408868555407827
miles : 0.05493652235752557
music : 0.20475944943333116
musical : 0.03143147074297372
nat : 0.04064296315838083
observation : 0.026334800297680004
observes : 0.03733337183958297
origins : 0.024089346992156608
orleans : 0.04064296315838083
paper : 0.02712606694368546
performer : 0.04064296315838083
popular : 0.026334800297680004
ragtime : 0.06096444473757126
responsible : 0.02490718254443767
reviews : 0.02237159073346907
rock : 0.053319439069630686
science : 0.010979429054319107
soul : 0.03143147074297372
sound : 0.04884739743608475
studies : 0.01627564016621128
style : 0.038741249658060986
styles : 0.05916714107005176
term : 0.01078676455142187
title : 0.01124442858728379
trails : 0.037661602069350215
trumpeter : 0.04573963360367455
white : 0.023011380270157523
