swing : 0.049132826573687054
fn : 0.11909061158352102
termpaper : 0.014010660186296592
pgs : 0.13310127176981762
yr : 0.13310127176981762
afn : 0.01691646272500826
analysis : 0.03460335724417049
art : 0.04372248985610981
bartok : 0.055294134845331015
biographical : 0.03681021003039914
century : 0.06670476322736753
classical : 0.05096926529735159
click : 0.013841342897668196
comparison : 0.020700176639903225
composer : 0.08197604013627802
composers : 0.09826565314737411
compositions : 0.07369923986053059
contemporary : 0.05266655345916901
contributions : 0.05699573361392568
discusses : 0.032246594183741976
era : 0.05364487457018027
examination : 0.029269846391527868
examines : 0.01472215092117247
folk : 0.09105738455878452
form : 0.023440633170165592
gershwin : 0.049132826573687054
hindemith : 0.08294120226799653
historical : 0.020883459192816426
history : 0.02354990498461642
including : 0.014448625066356881
influence : 0.034440053471644715
jazz : 0.06148203010220852
life : 0.0288019621273776
major : 0.039672997751741594
modern : 0.08828161962013763
music : 0.3640167989925887
musical : 0.07599431148523424
observes : 0.018052759360651677
opera : 0.0393673840077483
origins : 0.029121343919407097
paper : 0.03279240092747754
paul : 0.10742879575510775
piano : 0.0429715183020431
prominent : 0.0429715183020431
report : 0.018753033830457136
science : 0.013272909790110211
song : 0.04098802006813901
studies : 0.019675440556486522
style : 0.03122257750220026
term : 0.013039999813274441
title : 0.013593264781071961
twentieth : 0.0859430366040862
world : 0.016798727376119184
