bebop : 0.03781513781215647
eleanor : 0.031136643656119328
fusion : 0.031136643656119328
pop : 0.07563027562431295
rock : 0.22040862350971954
fn : 0.10060846410372551
termpaper : 0.009581758486069097
pgs : 0.12456286031889827
yr : 0.12456286031889827
afn : 0.028922523655979162
african : 0.03572649006479355
afroamerican : 0.03360147714005954
america : 0.024839659045288075
american : 0.0238043804627164
armstrong : 0.031136643656119328
beatles : 0.03781513781215647
beginnings : 0.029387816467962603
black : 0.05552494164798968
blues : 0.08400369285014885
civil : 0.016559772696858717
click : 0.009465963987767004
commodity : 0.031136643656119328
comparison : 0.02123498363515908
cultural : 0.018754382700125166
culture : 0.019024606180798924
dance : 0.0440817247019439
dancing : 0.0504022157100893
death : 0.015093741956330523
development : 0.027752902970019762
elvis : 0.062273287312238655
especially : 0.019024606180798924
examines : 0.030205020886904004
form : 0.016030828155888324
forms : 0.02059195638932233
gospel : 0.03781513781215647
hip : 0.031136643656119328
history : 0.026842596866964004
hop : 0.031136643656119328
horne : 0.03360147714005954
including : 0.014821917811232363
individuals : 0.018754382700125166
influence : 0.03140430407748758
influences : 0.021772236112367664
jazz : 0.09810962250352423
jazzrock : 0.03781513781215647
john : 0.016939835657231568
lena : 0.03360147714005954
literature : 0.014409985218174352
louis : 0.029387816467962603
lyrics : 0.03781513781215647
major : 0.013565994671948113
mccartney : 0.0567227067182347
mclaughlin : 0.03781513781215647
music : 0.18920022075298684
musical : 0.06496474196116149
musician : 0.03781513781215647
observes : 0.018519168037142677
origins : 0.01991581271084072
paper : 0.02242641400815333
paul : 0.05877563293592521
perspective : 0.01960399937109877
poem : 0.031136643656119328
political : 0.01066676019115596
popular : 0.06531670833710299
presley : 0.03781513781215647
ragtime : 0.0504022157100893
rap : 0.0504022157100893
report : 0.012825023136330868
reviews : 0.01849566163982853
rigby : 0.03781513781215647
rights : 0.012438923405496061
rise : 0.01960399937109877
roll : 0.13440590856023815
roots : 0.029387816467962603
scene : 0.028031320715292636
science : 0.009077217941564733
society : 0.013679624659863934
studies : 0.013455848404891996
styles : 0.03668722425012328
term : 0.013376899504498855
theme : 0.03036673324197788
title : 0.009296305701341007
womens : 0.01849566163982853
