fn : 0.12711284443212634
termpaper : 0.025422568886425266
pgs : 0.12711284443212634
yr : 0.12711284443212634
analysis : 0.05023067987057007
business : 0.04877171493650257
click : 0.025115339935285034
code : 0.08341938986757963
codes : 0.07143275323986586
comparison : 0.03756080438692117
consolidated : 0.0891523062828999
corporate : 0.061656369311312395
depreciation : 0.10033209951773772
donees : 0.10033209951773772
estate : 0.06894645195232944
examination : 0.03540707224781597
gift : 0.1169587695720931
including : 0.02621726322524434
income : 0.053713200196831845
law : 0.055152602051060935
look : 0.04841474750373449
paper : 0.05950234039260036
real : 0.08195266514621427
revenue : 0.0743734235107361
science : 0.02408390889334514
shelters : 0.1504981492766066
structure : 0.07167323303415138
studies : 0.035701404235560216
tax : 0.5473557338044595
taxes : 0.06025296000502804
term : 0.023661289983764103
title : 0.024665198191461218
various : 0.032040059121007734
