bhagavad : 0.07028915446440383
fn : 0.11576604814948456
termpaper : 0.017810161253766853
pgs : 0.1335762094032514
yr : 0.1335762094032514
afn : 0.021503978040264733
analysis : 0.01759492741229008
art : 0.09726401345109174
arts : 0.04546175811032226
aurobindo : 0.07028915446440383
book : 0.023838602326852292
buddhism : 0.10543373169660575
chinese : 0.0935852797383029
chuang : 0.10543373169660575
chuangtzu : 0.07028915446440383
click : 0.01759492741229008
comparison : 0.02631378386428376
differences : 0.052289761935094735
discusses : 0.030743574963313324
eastern : 0.06196001377352885
education : 0.025008553501325064
examines : 0.03742919725721815
forms : 0.05741316654311056
gita : 0.07028915446440383
history : 0.029936319895698837
ibn : 0.07028915446440383
influence : 0.0583729719858385
influences : 0.04046929763259301
laotzu : 0.07028915446440383
looks : 0.027027669758312365
music : 0.05552798628700506
nature : 0.046170891671750154
paper : 0.041685255416285004
peace : 0.03643907227735308
philosophical : 0.038960468337400654
philosophies : 0.04221111322386146
philosophy : 0.10215270097521738
science : 0.02530851443029489
studies : 0.025011153249771
study : 0.02824937760168133
taoism : 0.2811566178576153
taoist : 0.07028915446440383
term : 0.016576270949077678
tibet : 0.10543373169660575
title : 0.017279573874244017
tzu : 0.06245698293265304
various : 0.033669214669533556
yoga : 0.12491396586530608
zen : 0.09368547439897956
