fn : 0.11917604243831552
termpaper : 0.007688776931504227
pgs : 0.134553596301324
yr : 0.134553596301324
abortion : 0.028668329832480684
afn : 0.018566849332326135
age : 0.014089686145973343
alfred : 0.023581930775511455
american : 0.03820312766943266
analysis : 0.011393788360885407
attempt : 0.01624496786440768
attempts : 0.02436745179661152
basic : 0.03363903851570691
bergsons : 0.03034434229316946
bertrand : 0.03034434229316946
book : 0.020582598106599296
business : 0.009833646588823283
christian : 0.018647292181957896
click : 0.007595858907256937
communications : 0.01445118844916223
comprehensive : 0.018222846440545067
concepts : 0.027334269660817603
conditions : 0.015049248556929705
contemporary : 0.02890237689832446
critical : 0.011460434922887064
development : 0.013362007429955858
dewey : 0.14829725093887253
deweys : 0.04044470480151069
dialectic : 0.03034434229316946
discusses : 0.02212037710774983
discussion : 0.010537303217333267
economic : 0.010885883529441292
educational : 0.015493013328664958
effects : 0.011460434922887064
ethics : 0.03822443977664091
examination : 0.010708480387144342
examines : 0.020198072910145158
existential : 0.02498525795820307
experience : 0.01624496786440768
hegel : 0.023581930775511455
human : 0.023126268959899325
ideals : 0.04040145003336491
ideas : 0.02359652119423718
including : 0.007929123512025118
individual : 0.019932311770487262
influence : 0.012600019562796846
investigates : 0.02498525795820307
james : 0.05887852086971005
john : 0.04757614819341988
learning : 0.017832394207991233
life : 0.0158059548259999
light : 0.0222624610225741
literature : 0.011563134479949663
logic : 0.03034434229316946
logical : 0.02498525795820307
malroux : 0.03034434229316946
marx : 0.020852097663631344
mathematician : 0.03034434229316946
media : 0.014860503132243758
modern : 0.02422361513967191
morality : 0.017832394207991233
natural : 0.014642509001129457
nature : 0.013288207846991508
negative : 0.020200725016682453
north : 0.010453915737531802
observes : 0.009907002088162505
oppressed : 0.02696313653434046
overview : 0.013288207846991508
paper : 0.017995829777274257
paralogical : 0.03034434229316946
personalistic : 0.06068868458633892
perspectives : 0.033740138470724185
philosopher : 0.035372896163267185
philosophers : 0.021604052199374068
philosophical : 0.03363903851570691
philosophies : 0.018222846440545067
philosophy : 0.12600019562796846
pierce : 0.04551651343975419
pragmatic : 0.03034434229316946
pragmatism : 0.02696313653434046
psychology : 0.01624496786440768
relation : 0.023971837982438772
review : 0.015436948579949473
russells : 0.03034434229316946
school : 0.013753135553354067
science : 0.010925870863810234
sense : 0.018647292181957896
silone : 0.03034434229316946
social : 0.01711884928239176
society : 0.03841972633130079
stressing : 0.020852097663631344
studies : 0.010797497866364554
study : 0.01219546301340877
tenets : 0.06068868458633892
term : 0.007156097458504266
theory : 0.013438313499024452
thesis : 0.018222846440545067
title : 0.007459718477417539
values : 0.01713434131218307
views : 0.02572752421115736
whitehead : 0.04044470480151069
william : 0.027334269660817603
women : 0.013001181017611345
world : 0.009218813803967845
woznicki : 0.03034434229316946
writings : 0.018647292181957896
