confessions : 0.03990933566454725
fn : 0.1251855016645634
termpaper : 0.011380500151323946
pgs : 0.13656600181588735
yr : 0.13656600181588735
afn : 0.013740809072660136
ages : 0.03698178975762909
analysis : 0.050593356259527246
anselms : 0.04491400844837357
application : 0.021117352376140146
arguments : 0.030864115675411016
augustine : 0.06737101267256035
augustines : 0.15719902956930748
belief : 0.027600685179071254
beliefs : 0.031977116973802774
berkeleys : 0.04491400844837357
bible : 0.03490466288072093
book : 0.02284891306057503
branch : 0.029049571066884623
bultmann : 0.04491400844837357
christian : 0.06900171294767814
christianity : 0.06658703621177818
church : 0.029049571066884623
click : 0.011242968057672723
critical : 0.016963098622323813
decision : 0.01989064452924197
development : 0.019777700528093505
ecclesiastics : 0.04491400844837357
ethics : 0.04243326798309415
examines : 0.029896064596243735
existence : 0.07072211330515692
foundations : 0.030864115675411016
god : 0.26909991087205143
gods : 0.03329351810588909
hinduism : 0.03990933566454725
history : 0.012752656128853658
human : 0.01711510879703741
individual : 0.01966846648832678
islam : 0.05235699432108139
jaspers : 0.04491400844837357
law : 0.012344625729840355
luther : 0.06737101267256035
mans : 0.02365452123417544
martin : 0.04045866628496468
merging : 0.03990933566454725
middle : 0.025859442891584702
mystical : 0.06737101267256035
observes : 0.02199569055675069
paper : 0.02663642674614601
personal : 0.01652537572112212
philosophical : 0.037342975969602434
philosophy : 0.09324924225174562
position : 0.017591339611418615
reality : 0.04045866628496468
reason : 0.026394518502802906
relation : 0.02365452123417544
religion : 0.03548178185126316
religious : 0.03439784547699981
revelation : 0.04491400844837357
roman : 0.026394518502802906
science : 0.01078124441434945
st : 0.07337278323559977
studies : 0.015981856047687606
sufi : 0.04491400844837357
term : 0.010592057610060466
title : 0.011041460562242568
values : 0.025361299415144617
versus : 0.031977116973802774
view : 0.020119877008047602
views : 0.02856033824884797
wisdom : 0.03698178975762909
world : 0.013645175666522803
