fn : 0.11614099891272174
termpaper : 0.008295785636622982
pgs : 0.11614099891272174
yr : 0.11614099891272174
africa : 0.13077311458168114
african : 0.16496863482550286
aid : 0.035656598168879186
american : 0.010304791016096966
analysis : 0.008195531978882484
apartheid : 0.16174666993994619
attempts : 0.017527465327387234
black : 0.01373511714450271
brought : 0.023309635267745703
changes : 0.021505915331315205
click : 0.008195531978882484
colonization : 0.02544366215252552
creation : 0.020621079353187858
culture : 0.024706955658484922
democracy : 0.017527465327387234
democratic : 0.0155920717477803
development : 0.019222537004497896
discusses : 0.023866722668887973
domestic : 0.035656598168879186
economic : 0.041108533854600664
economy : 0.023090157663911134
effect : 0.020187067294500736
ethnic : 0.029492238318250572
european : 0.016013349156588388
examines : 0.017434126090862135
food : 0.04059336781803407
foreign : 0.022921462129107253
free : 0.013194832123133849
government : 0.022937544152914904
history : 0.018592030251012963
importance : 0.01848705246840805
independence : 0.03176341257444885
influenced : 0.023309635267745703
international : 0.016400964029275315
kenya : 0.08087333496997309
literature : 0.012476013517840424
look : 0.039496241384625506
medicine : 0.016237347127213628
nations : 0.032474694254427255
nigeria : 0.13348072324821586
nigerias : 0.04910992239552426
observes : 0.016033700747947213
oil : 0.0339458725952184
organization : 0.022258364119244083
overview : 0.021505915331315205
paper : 0.023299863816891933
papers : 0.020621079353187858
patterns : 0.01848705246840805
policies : 0.023697744830775306
policy : 0.0587264769351438
political : 0.03694067476726643
production : 0.015202029789076503
questions : 0.015798496553850204
racial : 0.05827408816936426
relations : 0.03997437972609163
resistance : 0.04363770781215627
review : 0.011103770031191725
rule : 0.025864351507368148
science : 0.015717919488288407
situation : 0.016013349156588388
social : 0.02308792172954152
somalia : 0.03273994826368284
south : 0.07426990976295479
specific : 0.012046129144081123
stability : 0.02426922240876652
strategy : 0.01924021480335896
studies : 0.011649931908445967
study : 0.017544350299991563
system : 0.012912810721809217
takeover : 0.03273994826368284
term : 0.00772105252101776
thesis : 0.019661492212167047
title : 0.008048643620371556
traditions : 0.03273994826368284
urbanization : 0.05391555664664873
womens : 0.016013349156588388
