tva : 0.03048222236878563
fn : 0.1303841308697178
termpaper : 0.005794850260876347
pgs : 0.1448712565219087
yr : 0.1448712565219087
abuse : 0.012913749886020327
activities : 0.011035714504527715
advantages : 0.013167400148840002
afn : 0.01749174684341387
air : 0.012453591272218834
alternative : 0.04703949575085922
alternatives : 0.01479178526751294
analysis : 0.017174460396922855
antipollution : 0.020321481579190417
aspects : 0.009905256049571976
book : 0.01163446492238839
chemical : 0.023573603057230292
click : 0.005724820132307618
codes : 0.01628246581202825
concern : 0.012913749886020327
construction : 0.01405402535772562
contribution : 0.016952765653182496
control : 0.01210609455531943
crisis : 0.02622513180251163
cure : 0.020321481579190417
current : 0.012842480911704666
ddt : 0.03048222236878563
development : 0.010070630599782906
discusses : 0.013337286197319751
discussion : 0.007941717498357793
drilling : 0.022869816801837275
ecological : 0.03554629271308712
ecology : 0.026659719534815343
economic : 0.032817737110815655
economics : 0.009400840161654753
economy : 0.010752769500350772
effects : 0.017274920288175354
emphasis : 0.013167400148840002
energy : 0.07867539540753488
environment : 0.03310714351358315
environmental : 0.06121725022433041
examination : 0.02421218911063886
examines : 0.021311937225042866
facing : 0.01777314635654356
factors : 0.015928597389289718
fire : 0.014404430430535638
focusing : 0.011505690135078761
food : 0.011342264537391874
government : 0.006409019689785047
growing : 0.012676475911249846
growth : 0.025913536658433677
hazardous : 0.03554629271308712
history : 0.012987079954751702
impact : 0.020730829326746938
including : 0.0059759938234012835
india : 0.015224811133896702
industries : 0.016952765653182496
industry : 0.013312101178287239
international : 0.007637703837162524
island : 0.026659719534815343
issues : 0.012306651416555873
jersey : 0.01571573537148686
land : 0.025827499772040654
legal : 0.01410126024248213
legislation : 0.019370624829030493
looks : 0.013190893972117524
low : 0.013439855928816921
mans : 0.012044673496078304
management : 0.014391574949203208
movements : 0.020601195884072093
natural : 0.011035714504527715
notes : 0.011035714504527715
nuclear : 0.03228437471505082
observes : 0.011200011551874892
offshore : 0.018830801034675108
oil : 0.041496333227610725
overpopulation : 0.022869816801837275
paper : 0.01627564016621128
patterns : 0.012913749886020327
plan : 0.010244863844171297
plant : 0.01405402535772562
policy : 0.008204434277703914
political : 0.006451036953842484
pollutants : 0.022869816801837275
pollution : 0.08955356196615538
population : 0.04436766568937446
power : 0.029965788793977554
prevent : 0.01479178526751294
process : 0.009496338273431448
production : 0.010619064926193146
products : 0.011342264537391874
project : 0.011676719604324691
public : 0.009428661747699756
quality : 0.012913749886020327
recommendations : 0.01405402535772562
recreation : 0.01777314635654356
regarding : 0.011185795366734535
report : 0.007756309948258926
resources : 0.014857884074357966
resultant : 0.01479178526751294
review : 0.007756309948258926
rights : 0.00752280478016214
satellites : 0.01628246581202825
science : 0.008234571790739331
scientific : 0.016952765653182496
sea : 0.012676475911249846
social : 0.006451036953842484
society : 0.012409733032431714
solar : 0.07112518552716646
solutions : 0.028808860861071275
source : 0.013439855928816921
sources : 0.025352951822499692
steel : 0.024423698718042376
structure : 0.010891520706170063
studies : 0.01356303347184273
study : 0.006127622347423524
supply : 0.01628246581202825
term : 0.005393382275710935
theories : 0.010752769500350772
title : 0.005622214293641895
trying : 0.01777314635654356
urban : 0.010619064926193146
various : 0.018258121925574262
view : 0.010244863844171297
vs : 0.010619064926193146
waste : 0.020601195884072093
wastes : 0.026659719534815343
water : 0.02796448841683634
world : 0.010422004576176884
