resulting : 0.02169888335555546
federal : 0.028557084473954535
fela : 0.06315319969644405
accident : 0.24577207464715334
accidents : 0.18199921406102237
act : 0.012603657623433354
activities : 0.015237128655997656
administration : 0.026494134593457
aircraft : 0.03680935895162321
airline : 0.04681372850421968
attorney : 0.02844429076379497
attorneys : 0.01855655234841727
auto : 0.02599988772300319
automobile : 0.04907914526883095
aviation : 0.05199977544600638
award : 0.02169888335555546
bar : 0.014311638519987733
car : 0.04851135656473818
cars : 0.04496274823219983
carriers : 0.02599988772300319
cause : 0.018180369748652187
center : 0.0141451927188558
choose : 0.03899983158450479
choosing : 0.02805808624131875
commercial : 0.017194806223571182
complicated : 0.03899983158450479
conditions : 0.023490578331248145
crash : 0.02599988772300319
crossing : 0.031576599848222024
dc : 0.04084635119556873
damage : 0.04681372850421968
damages : 0.04496274823219983
death : 0.012603657623433354
department : 0.021467457779981602
drivers : 0.07014521560329688
duty : 0.03254832503333319
employees : 0.05250763626182677
experience : 0.016904661990881087
il : 0.025356992986321634
illinois : 0.08907878083539321
information : 0.008050056760761945
injured : 0.04496274823219983
injury : 0.10510529513756099
insurance : 0.05332995029599181
involved : 0.03711615868141383
issues : 0.016991924798493388
job : 0.017194806223571182
law : 0.060751850990254944
lawsuit : 0.04496274823219983
liability : 0.029832525967809848
license : 0.04339776671111092
lights : 0.031576599848222024
litigation : 0.03680935895162321
location : 0.0315315885412683
mandatory : 0.019888350645206564
manufacturer : 0.02340686425210984
maritime : 0.10399955089201277
matter : 0.021021059027512196
minimum : 0.020423175597784365
motorist : 0.031576599848222024
motorists : 0.04208712936197813
negligence : 0.04907914526883095
occur : 0.02599988772300319
officers : 0.01855655234841727
operator : 0.022481374116099916
particularly : 0.0141451927188558
passengers : 0.02805808624131875
person : 0.03577909629996934
personal : 0.04066332934423324
phone : 0.05729442963406151
plaintiff : 0.02340686425210984
plate : 0.02599988772300319
position : 0.012367515412088722
property : 0.01636983703830329
provides : 0.01466185614174891
proving : 0.02340686425210984
railroad : 0.16816847222009756
recover : 0.02340686425210984
recovery : 0.03680935895162321
reduced : 0.021021059027512196
regarding : 0.015444346902293366
remain : 0.021021059027512196
requires : 0.03792572101839328
resources : 0.013676292616667906
responsibility : 0.018180369748652187
responsible : 0.017194806223571182
result : 0.015237128655997656
road : 0.03977670129041313
safety : 0.03273967407660658
school : 0.014311638519987733
serious : 0.02340686425210984
seventh : 0.03680935895162321
springfield : 0.027270554622978282
street : 0.03224434246067326
sw : 0.06315319969644405
time : 0.009207466613378101
tort : 0.02599988772300319
tracks : 0.03899983158450479
traffic : 0.02169888335555546
transportation : 0.08169270239113746
transportationrelated : 0.031576599848222024
uninsured : 0.04736489977233304
united : 0.010878440234487408
vehicle : 0.03977670129041313
vehicles : 0.02910681393884291
washington : 0.029692926945131065
workers : 0.01612217123033663
