chicago : 0.111748294554898
peoria : 0.017246311979843353
th : 0.020356257858467355
kids : 0.014387370538738342
teen : 0.019409017691418843
hour : 0.01381850452690073
abuse : 0.027398907714489308
advocacy : 0.014387370538738342
affected : 0.014387370538738342
african : 0.01222466482716285
aids : 0.03766020835660081
aidshivarc : 0.017246311979843353
alton : 0.017246311979843353
american : 0.015272311178302838
appendix : 0.017246311979843353
arlington : 0.029113526537128266
asian : 0.02584180111338473
assault : 0.028774741077476684
assistance : 0.0244493296543257
association : 0.010222000595735721
avenue : 0.03334383791766323
belleville : 0.019409017691418843
bloomington : 0.019409017691418843
bolingbrook : 0.019409017691418843
box : 0.053350140668261166
broadway : 0.023971815357714334
call : 0.009493093103749746
care : 0.00805929488416023
center : 0.03912547065605513
central : 0.013041823552018376
champaign : 0.029113526537128266
chapter : 0.010390697073958111
child : 0.01386502479911821
chinese : 0.012920900556692365
coalition : 0.0111748294554898
community : 0.027647386914041533
cook : 0.014387370538738342
counseling : 0.040012605501195876
counties : 0.04794363071542867
county : 0.04746546551874873
crisis : 0.035610537786124996
cross : 0.014387370538738342
domestic : 0.03170711537638243
dupage : 0.025869467969765025
east : 0.03697339946431522
edgemont : 0.019409017691418843
employment : 0.010222000595735721
family : 0.008796857374220231
fax : 0.167622441832347
foundation : 0.01381850452690073
gay : 0.023971815357714334
grove : 0.029113526537128266
heights : 0.022625409402401788
help : 0.027376785997772952
highway : 0.015981210238476224
hispanic : 0.025869467969765025
hotline : 0.025869467969765025
human : 0.007396076656442062
il : 0.2701581239229109
illinois : 0.07300476266072786
immigrants : 0.014387370538738342
information : 0.014844254432481467
intervention : 0.0167622441832347
joliet : 0.017246311979843353
kane : 0.025869467969765025
lake : 0.043162111616215026
league : 0.0503557968855842
lebanon : 0.015981210238476224
lesbian : 0.025869467969765025
line : 0.02113807691758829
link : 0.0111748294554898
lutheran : 0.019409017691418843
madison : 0.030167212536535717
main : 0.010390697073958111
mchenry : 0.017246311979843353
michigan : 0.014387370538738342
network : 0.011655798815325238
north : 0.04346284780112676
northwest : 0.015083606268267859
northwestern : 0.017246311979843353
po : 0.05527401810760292
persons : 0.010061959115587358
phone : 0.2565799574474776
program : 0.005937915933115223
provides : 0.04506061871957154
red : 0.0111748294554898
referral : 0.04311577994960838
refugees : 0.015083606268267859
resources : 0.02942216461526528
rights : 0.012768816849947595
river : 0.01381850452690073
road : 0.0244493296543257
rockford : 0.034492623959686705
senior : 0.01192728517098711
serves : 0.013337535167065291
service : 0.029064210570846963
services : 0.06286665157975753
sexual : 0.018830104178300406
social : 0.016424480980765887
south : 0.01572462988072366
southeast : 0.02763700905380146
southern : 0.0167622441832347
spanishspeaking : 0.017246311979843353
specialized : 0.015083606268267859
springfield : 0.0335244883664694
street : 0.11891673256947206
suburban : 0.015981210238476224
support : 0.018325968480435634
tdd : 0.013337535167065291
tollfree : 0.03334383791766323
united : 0.02005977590821235
urban : 0.03154243310370008
victim : 0.01222466482716285
victims : 0.017109083366481447
violence : 0.02385457034197422
west : 0.05619434031634706
women : 0.008315888014384792
womens : 0.018986186207499492
youth : 0.013337535167065291
zone : 0.07541803134133929
