acu : 0.0738145108351665
anderson : 0.11345612680602474
andrews : 0.11022919432228821
brown : 0.13052333146751985
broyhill : 0.14032816113511312
burke : 0.18200674113171303
carolina : 0.0738145108351665
collins : 0.10234749370717092
dakota : 0.07724363803938586
daniel : 0.11022919432228821
davis : 0.16101390727831616
edwards : 0.09446579309205363
ford : 0.09280484454913761
green : 0.10015454281200555
hansen : 0.11711452112450481
house : 0.06868542749028579
johnson : 0.13920726682370643
jones : 0.17951513374976977
martin : 0.10234749370717092
mitchell : 0.11345612680602474
murphy : 0.11345612680602474
north : 0.05871377332038409
price : 0.08701555431167989
ratings : 0.07224852689434601
rooney : 0.14032816113511312
smith : 0.08975756687488488
south : 0.055230069882432134
stanton : 0.13244646051999584
steiger : 0.13244646051999584
taylor : 0.14032816113511312
teague : 0.14032816113511312
virginia : 0.07224852689434601
wilson : 0.15023181421800832
