acu : 0.29935884949817526
byrd : 0.49209230009685373
carolina : 0.29935884949817526
dakota : 0.3132658653819537
north : 0.23811696957711326
ratings : 0.29300791462706993
scott : 0.3979480933871645
south : 0.22398861674541923
virginia : 0.29300791462706993
