acu : 0.11384068924578497
anderson : 0.11665207403999728
andrews : 0.11333424204967663
beard : 0.12989161289198983
brown : 0.1342000450299852
burke : 0.18713369158612747
burton : 0.10768154640285546
carolina : 0.07589379283052332
collins : 0.10523052169892222
dakota : 0.07941951516725589
daniel : 0.11333424204967663
davis : 0.11036634020016038
duncan : 0.12989161289198983
edwards : 0.09712680134816784
evans : 0.10768154640285546
ford : 0.09541906552235277
house : 0.07062022826466004
johnson : 0.14312859828352914
jones : 0.18457189808074922
lloyd : 0.14428106708258112
miller : 0.09541906552235277
mitchell : 0.11665207403999728
murphy : 0.11665207403999728
north : 0.06036768242800055
ratings : 0.07428369666601772
smith : 0.09228594904037461
south : 0.05678584649883868
stanton : 0.13617734673182672
steiger : 0.13617734673182672
taylor : 0.14428106708258112
virginia : 0.07428369666601772
wilson : 0.15446369630865645
