acu : 0.3514212581065536
byrd : 0.38511571311927684
carolina : 0.2342808387377024
dakota : 0.24516459029892032
hart : 0.5409208843564991
north : 0.186352410973393
ratings : 0.2293105418820547
scott : 0.3114376383029983
senate : 0.27617980281533183
south : 0.17529543919206722
virginia : 0.2293105418820547
