acu : 0.12063714830523481
anderson : 0.1236163769677583
andrews : 0.12010046545562747
beard : 0.13764633604972057
brown : 0.14221198801684998
burke : 0.1983058522778366
burton : 0.11411029544183189
carolina : 0.0804247655368232
collins : 0.11151294090482802
dakota : 0.08416097875933086
daniel : 0.12010046545562747
duncan : 0.13764633604972057
edwards : 0.1543881245310429
evans : 0.22822059088366378
ford : 0.10111572615055292
house : 0.07483636129538601
johnson : 0.10111572615055292
jones : 0.1466933369074611
lloyd : 0.15289486213228742
miller : 0.10111572615055292
mitchell : 0.1236163769677583
murphy : 0.18542456545163744
myers : 0.144307337581488
north : 0.06397172316997073
ratings : 0.07871854422816804
smith : 0.09779555793830742
south : 0.06017604628981412
virginia : 0.07871854422816804
wilson : 0.16368540952111355
