acu : 0.42540468086582806
carolina : 0.2836031205772187
dakota : 0.29677818825658775
hatfield : 0.6547989652736568
north : 0.2255844974941073
ratings : 0.2775864454361715
senate : 0.33432291919750695
south : 0.21219974217987084
virginia : 0.2775864454361715
