acu : 0.11546698480643905
anderson : 0.11831853224056865
andrews : 0.11495330265038628
beard : 0.1317472073618754
brown : 0.09074479235360904
burton : 0.10921985420861052
carolina : 0.07697798987095936
collins : 0.10673381486604967
crane : 0.11495330265038628
dakota : 0.08055407966964524
daniel : 0.11495330265038628
davis : 0.11194300220301981
duncan : 0.1317472073618754
edwards : 0.14777149062256964
evans : 0.16382978131291578
ford : 0.09678219502981494
hall : 0.0951490974915307
house : 0.0716290886684409
johnson : 0.09678219502981494
jones : 0.14040647961142708
leach : 0.15792694255827983
miller : 0.09678219502981494
mitchell : 0.11831853224056865
murphy : 0.17747779836085298
myers : 0.13812273739942424
north : 0.0612300778912577
ratings : 0.07534489233267512
smith : 0.09360431974095139
south : 0.05759707287739352
virginia : 0.07534489233267512
williams : 0.11194300220301981
wilson : 0.15667032054163726
