abortion : 0.05533905476137985
abortions : 0.054624811400902244
act : 0.04208339918332832
acu : 0.015221636415161456
adoption : 0.05787545628736304
allow : 0.03165833491789609
amendment : 0.17555337235833177
balance : 0.032395719468655666
balanced : 0.025021642377806123
bill : 0.12200944451522107
bills : 0.02605170767042734
bosnia : 0.021597146312437112
broadcasting : 0.025021642377806123
budget : 0.07228668273578367
china : 0.019137722181036855
citizen : 0.025021642377806123
city : 0.016120307006289632
clean : 0.023396319934575725
congress : 0.024477844575631656
consideration : 0.05210341534085468
constitutional : 0.030980006886764427
countries : 0.014593242996459624
credit : 0.01821953613867654
cuba : 0.023396319934575725
cuban : 0.02605170767042734
cut : 0.023396319934575725
cuts : 0.023396319934575725
cutting : 0.025021642377806123
days : 0.01695883810865276
defense : 0.02510587823795133
defenses : 0.024150734582171898
deployment : 0.04684273719948978
desecration : 0.027312405700451122
endowment : 0.02893772814368152
entity : 0.03122849146632652
environmental : 0.028222189933928596
exemption : 0.03122849146632652
federal : 0.04449742315207153
fiscal : 0.03753246356670918
flag : 0.024150734582171898
floor : 0.04679263986915145
food : 0.01742992064503158
foreign : 0.030756199184536568
fund : 0.04221111322386146
funding : 0.032395719468655666
funds : 0.03968971716381389
government : 0.00984888901481092
grants : 0.025021642377806123
house : 0.04957380430442944
including : 0.009183448135396323
increase : 0.019480234168700327
joint : 0.01821953613867654
laws : 0.014898707523410335
limit : 0.04221111322386146
lobby : 0.025021642377806123
majority : 0.019844858581906946
mexico : 0.03509447990186358
missile : 0.03122849146632652
money : 0.024477844575631656
national : 0.021206607324814185
oppose : 0.33278387365233747
outlays : 0.03122849146632652
passage : 0.09660293832868759
peacekeeping : 0.02893772814368152
pension : 0.027312405700451122
percent : 0.02776399314350253
performing : 0.02605170767042734
policy : 0.012607944200765338
president : 0.01845371951072194
prohibit : 0.06255410594451531
prohibiting : 0.03122849146632652
properties : 0.024150734582171898
proposals : 0.025021642377806123
propose : 0.04684273719948978
provide : 0.03648310749114906
provisions : 0.036226101873257845
public : 0.0338082334606786
ratings : 0.014898707523410335
require : 0.02065333792450962
resolution : 0.04130667584901924
rule : 0.04627332190583755
security : 0.013273385080179933
service : 0.01315689193214188
social : 0.00991345791776924
spending : 0.053992865781092775
strike : 0.036226101873257845
substitute : 0.03122849146632652
support : 0.17255400604233914
tax : 0.052289761935094735
taxes : 0.04221111322386146
territory : 0.027312405700451122
test : 0.029220351253050492
troops : 0.023396319934575725
un : 0.022348061285115503
welfare : 0.04427124380910388
