anderson : 0.12741995779753548
andrews : 0.1237958643927237
beard : 0.1418816079281735
brown : 0.09772516099619435
burton : 0.11762138145542674
carolina : 0.08289937370718702
collins : 0.11494410831728429
crane : 0.1237958643927237
dakota : 0.08675054733654104
daniel : 0.1237958643927237
davis : 0.12055400237248289
duncan : 0.1418816079281735
edwards : 0.15913852836276732
evans : 0.1764320721831401
ford : 0.10422697926287763
hall : 0.10246825883703306
johnson : 0.10422697926287763
jones : 0.1512069780430753
leach : 0.17007516890891675
miller : 0.10422697926287763
mitchell : 0.12741995779753548
murphy : 0.19112993669630324
myers : 0.14874756335322611
north : 0.06594008388289291
ratings : 0.08114065328134244
smith : 0.10080465202871688
south : 0.06202761694488533
virginia : 0.08114065328134244
williams : 0.12055400237248289
wilson : 0.16872188366022475
