acu : 0.3367787056854472
carolina : 0.3367787056854472
dakota : 0.352424098554698
north : 0.26788159077425244
ratings : 0.32963390395545367
senate : 0.39700846654703953
south : 0.25198719383859663
virginia : 0.32963390395545367
