acu : 0.07809361291256747
bailey : 0.1602157388272404
brown : 0.13808990140766592
burton : 0.11080275064641648
carolina : 0.07809361291256747
collins : 0.10828068174816635
coyne : 0.1602157388272404
crane : 0.11661929254387016
dakota : 0.08172153009964012
daniel : 0.11661929254387016
edwards : 0.14991310642869382
evans : 0.22160550129283296
ford : 0.09818483553749342
hall : 0.14479210487841626
hansen : 0.12390376872592539
jones : 0.14244135612753472
martin : 0.1624210226222495
michigan : 0.13365658717871418
miller : 0.09818483553749342
mitchell : 0.1200332935773885
north : 0.06211747032446434
ratings : 0.07643684729401824
roberts : 0.1602157388272404
smith : 0.28488271225506945
south : 0.05843181306402241
virginia : 0.07643684729401824
washington : 0.08477545808972203
weber : 0.1602157388272404
williams : 0.11356536455378821
