acu : 0.3848899493547968
carolina : 0.3848899493547968
dakota : 0.40277039834822626
north : 0.3061503894562885
ratings : 0.3767244616633756
south : 0.2879853643869676
virginia : 0.3767244616633756
