acu : 0.11384068924578497
bailey : 0.15570261942365618
brown : 0.1342000450299852
burton : 0.10768154640285546
carolina : 0.07589379283052332
collins : 0.10523052169892222
coyne : 0.15570261942365618
crane : 0.11333424204967663
dakota : 0.07941951516725589
daniel : 0.11333424204967663
edwards : 0.14569020202225175
evans : 0.21536309280571092
ford : 0.09541906552235277
hall : 0.18761793871569432
hansen : 0.1204135217195613
house : 0.07062022826466004
jones : 0.1384289235605619
martin : 0.15784578254838333
miller : 0.09541906552235277
mitchell : 0.11665207403999728
north : 0.06036768242800055
ratings : 0.07428369666601772
roberts : 0.15570261942365618
smith : 0.2768578471211238
south : 0.05678584649883868
virginia : 0.07428369666601772
washington : 0.08238741701677212
weber : 0.15570261942365618
williams : 0.11036634020016038
