acu : 0.12829664978493227
andrews : 0.12772589183376254
brown : 0.10082754705956559
burton : 0.1820330903476842
carolina : 0.08553109985662151
crane : 0.12772589183376254
dakota : 0.08950453296627249
edwards : 0.16419054513618847
evans : 0.1213553935651228
ford : 0.10753577225534994
hall : 0.2114424388700682
hansen : 0.135704127652204
house : 0.07958787629826766
jones : 0.1560071995682523
lewis : 0.13146503582285407
martin : 0.17788969144341613
morrison : 0.12772589183376254
nelson : 0.14638578595763932
north : 0.06803341987917522
ratings : 0.08371654703630568
smith : 0.3120143991365046
south : 0.06399674764154835
thomas : 0.11605208929010166
virginia : 0.08371654703630568
washington : 0.09284931124112412
williams : 0.12438111355891089
