acu : 0.12063714830523481
andrews : 0.12010046545562747
brown : 0.09480799201123331
burton : 0.17116544316274784
carolina : 0.0804247655368232
crane : 0.12010046545562747
dakota : 0.08416097875933086
edwards : 0.1543881245310429
evans : 0.11411029544183189
ford : 0.10111572615055292
hall : 0.19881900968379548
hansen : 0.1276023886878933
house : 0.07483636129538601
jones : 0.1466933369074611
lehman : 0.13764633604972057
lewis : 0.1236163769677583
martin : 0.16726941135724202
miller : 0.10111572615055292
morrison : 0.12010046545562747
nelson : 0.13764633604972057
north : 0.06397172316997073
ratings : 0.07871854422816804
smith : 0.2933866738149222
south : 0.06017604628981412
thomas : 0.10912360634740903
virginia : 0.07871854422816804
washington : 0.08730606877896746
williams : 0.11695537543599084
