kill : 0.04448738474521333
unfpa : 0.0339106931873607
abortion : 0.036055261445757915
abortions : 0.029658256496808887
acu : 0.0165290162299606
agency : 0.0296766064099302
amendment : 0.2915541752410836
americorps : 0.0339106931873607
appropriations : 0.0339106931873607
balance : 0.023452115934364224
balanced : 0.0271707404961453
bill : 0.1040983297419524
block : 0.026225030803953532
bosnia : 0.023452115934364224
budget : 0.08970897699725651
cloture : 0.0339106931873607
companies : 0.017296888272623216
congress : 0.02658023613427487
constitutional : 0.022427244249314127
corporation : 0.030646181707394856
corpus : 0.0339106931873607
costs : 0.018174807558762315
craig : 0.03142317718669711
cut : 0.025405819806257075
cuts : 0.038108729709385614
cutting : 0.0271707404961453
death : 0.015232641422186324
desecration : 0.029658256496808887
directly : 0.022918303805593492
established : 0.02403684096383861
executive : 0.021972594113401724
fbi : 0.028289277654390422
federal : 0.055222043105463005
flag : 0.026225030803953532
foster : 0.03142317718669711
fund : 0.045836607611186984
funding : 0.023452115934364224
funds : 0.03232398744476254
gramm : 0.04713476578004567
grant : 0.042433916481585635
grants : 0.0271707404961453
habeas : 0.0339106931873607
helms : 0.1017320795620821
implementation : 0.025405819806257075
individuals : 0.018926969043991347
invoke : 0.0339106931873607
joint : 0.019784404273286798
kassebaum : 0.0678213863747214
kerry : 0.0339106931873607
lateterm : 0.0339106931873607
law : 0.010489145175355147
legal : 0.03137458311619746
liability : 0.02403684096383861
lobbying : 0.042433916481585635
money : 0.03544031484569982
motion : 0.057295759513983725
nomination : 0.04713476578004567
oppose : 0.3456549490536682
organizations : 0.019485078112738138
overhaul : 0.0339106931873607
passage : 0.09178760781383737
penalty : 0.03702483674322258
performing : 0.028289277654390422
population : 0.021153383115705266
president : 0.02671826873945017
presidential : 0.025643585573140427
product : 0.0296766064099302
program : 0.01751320910947941
programs : 0.014041500229297016
prohibit : 0.06792685124036325
provide : 0.03169330074077734
provided : 0.021549324963175027
reauthorization : 0.0339106931873607
receive : 0.020099087060940483
recipients : 0.0271707404961453
reducing : 0.0271707404961453
require : 0.03364086637397119
resolution : 0.05606811062328532
ryan : 0.03142317718669711
senate : 0.02922761716910721
services : 0.02181388866616271
simpson : 0.0339106931873607
spending : 0.03517817390154634
support : 0.1585477346693885
supported : 0.0271707404961453
table : 0.038108729709385614
tax : 0.05678090713197405
taxpayer : 0.029658256496808887
test : 0.04230676623141053
veto : 0.0339106931873607
welfare : 0.036055261445757915
white : 0.019199679243812412
