acu : 0.1369947277364531
brown : 0.10766331296190902
burton : 0.12958287787462267
carolina : 0.09132981849096873
coleman : 0.17362636886208913
dakota : 0.09557263689618928
edwards : 0.11688140501220197
evans : 0.12958287787462267
ford : 0.11482633308622112
gray : 0.15631024602256402
hall : 0.16933313960357158
house : 0.08498366452187903
jones : 0.16658395886101518
lehman : 0.15631024602256402
lewis : 0.14037791960745433
martin : 0.12663333967158436
miller : 0.1722394996293317
morrison : 0.13638527433096678
north : 0.072645855125221
ratings : 0.08939224514046201
rowland : 0.17362636886208913
smith : 0.3886959040090354
south : 0.06833551019351773
thomas : 0.1239200275470577
virginia : 0.08939224514046201
