acu : 0.4754522903794549
carolina : 0.31696819358630324
dakota : 0.331693269227951
north : 0.2521238501404729
ratings : 0.31024367431101524
senate : 0.3736550273383901
south : 0.2371644177304439
virginia : 0.31024367431101524
