acu : 0.1393567058008747
brown : 0.10951957697849367
burton : 0.13181706542418511
carolina : 0.09290447053391647
coleman : 0.17661992694591824
dakota : 0.09722044098060634
edwards : 0.11889660165034338
evans : 0.13181706542418511
ford : 0.11680609744977666
gray : 0.15900525026433238
hall : 0.11483511766219222
house : 0.08644890011708384
jones : 0.16945609608275683
lehman : 0.15900525026433238
lewis : 0.14279822856620356
martin : 0.1288166731141979
miller : 0.175209146174665
morrison : 0.1387367445780524
north : 0.07389836986875929
ratings : 0.09093349074633204
rowland : 0.17661992694591824
smith : 0.3953975575264326
south : 0.06951370864513011
thomas : 0.12605657974614493
virginia : 0.09093349074633204
