acu : 0.44903827424726295
carolina : 0.29935884949817526
dakota : 0.3132658653819537
north : 0.23811696957711326
ratings : 0.43951187194060487
senate : 0.35289641470847954
south : 0.22398861674541923
virginia : 0.29300791462706993
