acu : 0.11384068924578497
brown : 0.0894666966866568
carolina : 0.07589379283052332
coleman : 0.14428106708258112
dakota : 0.07941951516725589
davis : 0.11036634020016038
de : 0.04785356600142814
edwards : 0.09712680134816784
fazio : 0.17522789211548562
ford : 0.09541906552235277
gray : 0.12989161289198983
hall : 0.09380896935784716
hayes : 0.17522789211548562
house : 0.07062022826466004
johnson : 0.09541906552235277
jones : 0.09228594904037461
lehman : 0.12989161289198983
lewis : 0.1749781110599959
martin : 0.10523052169892222
miller : 0.14312859828352914
morrison : 0.11333424204967663
north : 0.06036768242800055
owens : 0.17522789211548562
price : 0.0894666966866568
ratings : 0.07428369666601772
rowland : 0.14428106708258112
slaughter : 0.15570261942365618
smith : 0.36914379616149845
south : 0.05678584649883868
thomas : 0.1029757975391043
virginia : 0.07428369666601772
