kill : 0.03318738541633763
threefifths : 0.028469520229289426
unfpa : 0.02529722192009059
senate : 0.04360733728663134
abortion : 0.02689706002589721
abortions : 0.022124923610891755
acu : 0.14796684551854888
agency : 0.022138612562098956
amendment : 0.33461243136276453
americorps : 0.02529722192009059
appropriations : 0.02529722192009059
approved : 0.0828610762811709
balance : 0.01749517115469734
balanced : 0.03040387208836396
bill : 0.11295545827626872
block : 0.01956375295672506
bosnia : 0.01749517115469734
budget : 0.07528779705662202
cloture : 0.07589166576027176
companies : 0.012903399489416859
congress : 0.013219156338327393
constitutional : 0.03346124313627645
corporation : 0.02286191129659204
corpus : 0.02529722192009059
costs : 0.013558323258939391
craig : 0.023441546368108142
cut : 0.01895262530169292
cuts : 0.02842893795253938
cutting : 0.020269248058909308
death : 0.011363480786344946
december : 0.02249074044118969
descriptions : 0.03516231955216221
desecration : 0.022124923610891755
designed : 0.013058555332326156
directly : 0.017096949749710474
established : 0.017931373350598138
executive : 0.016391454647526227
favorable : 0.02529722192009059
fbi : 0.021103671659796975
federal : 0.04119539142421268
flag : 0.01956375295672506
foster : 0.023441546368108142
fund : 0.03419389949942095
funding : 0.01749517115469734
funds : 0.02411354669792354
gramm : 0.03516231955216221
grant : 0.03165550748969546
grants : 0.020269248058909308
habeas : 0.02529722192009059
helms : 0.06324305480022648
implementation : 0.01895262530169292
individuals : 0.01411943228453359
invoke : 0.05059444384018118
joint : 0.014759075041399304
july : 0.01411943228453359
june : 0.013737823090304526
kassebaum : 0.05059444384018118
kerry : 0.02529722192009059
lateterm : 0.02529722192009059
law : 0.007824854295573863
legal : 0.023405295413913896
liability : 0.017931373350598138
lobbying : 0.03165550748969546
majority : 0.02411354669792354
march : 0.021484309268247754
money : 0.026438312676654786
motion : 0.08548474874855237
nomination : 0.03516231955216221
november : 0.016391454647526227
opposed : 0.06637477083267526
organizations : 0.014535779095543782
overhaul : 0.02529722192009059
pass : 0.03318738541633763
passage : 0.06847313534853772
penalty : 0.027620358760390297
performing : 0.021103671659796975
population : 0.015780326992494088
president : 0.019931706199223697
presidential : 0.019129997475615054
product : 0.022138612562098956
program : 0.013064773843684865
programs : 0.01047489490789663
prohibit : 0.05067312014727327
provide : 0.02364305730318859
provided : 0.016075697798615694
ratings : 0.02413795177705839
reauthorization : 0.02529722192009059
receive : 0.014993826960793129
recipients : 0.020269248058909308
reducing : 0.020269248058909308
rejected : 0.1317501123829105
require : 0.025095932352207338
required : 0.02864574569099701
resolution : 0.0585571754884838
ryan : 0.023441546368108142
september : 0.050191864704414675
services : 0.016273061110226642
simpson : 0.02529722192009059
spending : 0.026242756732046006
supported : 0.18242323253018378
table : 0.02842893795253938
tax : 0.04235829685360077
taxpayer : 0.022124923610891755
total : 0.013058555332326156
twothirds : 0.02529722192009059
veto : 0.02529722192009059
vote : 0.03633944773885945
votes : 0.03790525060338584
voting : 0.01749517115469734
welfare : 0.02689706002589721
white : 0.014322872845498505
