abortion : 0.04452278496711015
abortions : 0.04394814371799862
act : 0.03385800752476869
acu : 0.15308122985702147
adoption : 0.04656343528574208
allow : 0.025470569456670946
amendment : 0.2575565117995097
approved : 0.1371601906623927
august : 0.02394913615225588
balance : 0.026063828845236604
balanced : 0.020131048640325836
barton : 0.02827540986408972
bill : 0.1472432159945054
bills : 0.020959782989389265
bosnia : 0.0173758858968244
broadcasting : 0.020131048640325836
budget : 0.05815792201924413
china : 0.015397167391106923
city : 0.012969519727787569
clean : 0.018823402856454105
congress : 0.013129025726929706
consideration : 0.04191956597877853
constitutional : 0.03323309829671093
countries : 0.011740927319878879
credit : 0.014658444984298854
cuba : 0.018823402856454105
cuban : 0.020959782989389265
cut : 0.018823402856454105
cuts : 0.018823402856454105
cutting : 0.020131048640325836
days : 0.013644156114688812
defense : 0.02019882021871539
defenses : 0.019430363732020117
deployment : 0.03768711129231678
descriptions : 0.03492257646430656
desecration : 0.02197407185899931
doubleweighted : 0.025124740861544516
endowment : 0.02328171764287104
entity : 0.025124740861544516
environmental : 0.02270603462866073
exemption : 0.025124740861544516
february : 0.030196572960488752
federal : 0.03580019953598482
file : 0.015137356419107155
fiscal : 0.030196572960488752
flag : 0.019430363732020117
floor : 0.03764680571290821
food : 0.014023163428048133
foreign : 0.02474476025301351
fund : 0.03396075927556126
funding : 0.026063828845236604
funds : 0.03193218153634117
government : 0.007923878889188786
grants : 0.020131048640325836
house : 0.045582147334462385
including : 0.0073885014543870415
increase : 0.0156727338539089
joint : 0.014658444984298854
july : 0.021034745142072202
june : 0.013644156114688812
laws : 0.011986687416561951
limit : 0.03396075927556126
lobby : 0.020131048640325836
majority : 0.02394913615225588
march : 0.014225216894279196
mexico : 0.028235104284681154
missile : 0.025124740861544516
money : 0.01969353859039456
national : 0.017061679529509592
november : 0.032559389458949824
opposed : 0.05493517964749828
outlays : 0.025124740861544516
pass : 0.02197407185899931
passage : 0.08743663679409053
peacekeeping : 0.02328171764287104
pension : 0.02197407185899931
percent : 0.022337394483636124
performing : 0.020959782989389265
policy : 0.010143664197888475
president : 0.014846856151808106
prohibit : 0.05032762160081459
prohibiting : 0.025124740861544516
properties : 0.019430363732020117
proposals : 0.020131048640325836
propose : 0.03768711129231678
provide : 0.0293523182996972
provisions : 0.029145545598030176
public : 0.027200260557000505
ratings : 0.023973374833123902
rejected : 0.08052419456130334
require : 0.016616549148355465
resolution : 0.0498496474450664
rule : 0.059566385289696336
security : 0.010679041632690218
september : 0.016616549148355465
service : 0.010585317599950511
social : 0.007975827506568889
spending : 0.04343971474206101
strike : 0.029145545598030176
substitute : 0.025124740861544516
support : 0.016018562449035326
supported : 0.18117943776293252
tax : 0.042069490284144404
taxes : 0.03396075927556126
territory : 0.02197407185899931
troops : 0.018823402856454105
un : 0.017980031124842925
vote : 0.028873343021602875
votes : 0.028235104284681154
welfare : 0.03561822797368812
