conservative : 0.20207667368726054
moving : 0.03554625716745848
snapshot : 0.04000379530610765
th : 0.02517368737095352
act : 0.015967334738368946
acu : 0.04331558915568452
analysis : 0.04005533314437742
balanced : 0.02848122637216517
based : 0.01552365067735961
breakdown : 0.04000379530610765
budget : 0.03526341619908234
categories : 0.03293876451081434
congress : 0.11144896437007855
conservatives : 0.03554625716745848
criterion : 0.03554625716745848
data : 0.016281097851998733
decades : 0.03293876451081434
defenseforeign : 0.04000379530610765
democrat : 0.03554625716745848
democrats : 0.10663877150237545
departing : 0.04000379530610765
dick : 0.03554625716745848
distinction : 0.031088719028809313
doubleweighted : 0.03554625716745848
economicbudget : 0.04000379530610765
expected : 0.0377942611939456
floor : 0.03994677133524022
freshman : 0.04000379530610765
fyi : 0.04000379530610765
house : 0.08867266603649436
ideological : 0.13175505804325735
incoming : 0.03554625716745848
individual : 0.01751821613268977
institutional : 0.04940814676622151
issues : 0.021526747172367827
jim : 0.02965371226794623
legislation : 0.03388302220897938
liberal : 0.14749948156789847
limits : 0.026631180890160148
look : 0.019303629229784815
matters : 0.03293876451081434
nafta : 0.04000379530610765
nickles : 0.04000379530610765
opposition : 0.02934922514230026
party : 0.015244003655239105
patterns : 0.02258868147265292
perfect : 0.14218502866983393
picture : 0.054979807344622836
polarized : 0.04000379530610765
policy : 0.021526747172367827
posting : 0.03554625716745848
provide : 0.016610958266066584
rate : 0.020738635990647895
rated : 0.06000569295916148
rating : 0.03293876451081434
ratings : 0.03391731487644539
reason : 0.02350894413272156
reform : 0.028955443844677225
republican : 0.05930742453589246
republicans : 0.18001707887748442
resulting : 0.027489903672311418
reveals : 0.02965371226794623
scored : 0.38003605540802265
scores : 0.18001707887748442
senate : 0.0919119279465815
senators : 0.03554625716745848
session : 0.053262361780320296
significant : 0.03526341619908234
simple : 0.02965371226794623
socialcultural : 0.04000379530610765
term : 0.009434083466195335
time : 0.017497147165615623
tom : 0.025196174129297064
trends : 0.021783773800922977
types : 0.019566150094866838
unity : 0.07109251433491696
vote : 0.1123368008235996
voted : 0.07413428066986558
votes : 0.18641826623112104
voting : 0.036874870391974617
