acu : 0.10922552616825315
anderson : 0.16788440385486095
brown : 0.08583966844260314
broyhill : 0.1384318346332873
burke : 0.11969812705058605
carolina : 0.0728170174455021
collins : 0.10096441946788484
dakota : 0.07619980509290768
davis : 0.15883804366644705
edwards : 0.1397838424808091
ford : 0.09155072502820333
green : 0.09880110304427575
hansen : 0.11553189246066016
hicks : 0.1493903510686431
house : 0.06775724603771437
johnson : 0.09155072502820333
jones : 0.13281694017297158
miller : 0.09155072502820333
mills : 0.12462573669366592
murphy : 0.11192293590324064
north : 0.05792034395118972
price : 0.08583966844260314
ratings : 0.07127219544982782
rooney : 0.1384318346332873
smith : 0.13281694017297158
south : 0.0544837175867236
stanton : 0.13065664348594186
steiger : 0.13065664348594186
teague : 0.1384318346332873
thompson : 0.1384318346332873
vacancy : 0.3362481173026886
virginia : 0.07127219544982782
wilson : 0.09880110304427575
