st : 0.09280484454913761
acu : 0.11072176625274976
anderson : 0.1701841902090371
andrews : 0.11022919432228821
brown : 0.08701555431167989
broyhill : 0.14032816113511312
burke : 0.12133782742114202
carolina : 0.0738145108351665
collins : 0.10234749370717092
dakota : 0.07724363803938586
davis : 0.16101390727831616
edwards : 0.09446579309205363
ford : 0.09280484454913761
green : 0.10015454281200555
hansen : 0.11711452112450481
hicks : 0.15143679423396694
house : 0.06868542749028579
johnson : 0.09280484454913761
jones : 0.13463635031232732
miller : 0.09280484454913761
mills : 0.12633293856618188
murphy : 0.11345612680602474
north : 0.05871377332038409
price : 0.08701555431167989
ratings : 0.07224852689434601
rooney : 0.14032816113511312
smith : 0.13463635031232732
south : 0.055230069882432134
stanton : 0.13244646051999584
steiger : 0.13244646051999584
teague : 0.14032816113511312
thompson : 0.14032816113511312
virginia : 0.07224852689434601
wilson : 0.10015454281200555
