acu : 0.3848899493547968
byrd : 0.42179340008301747
carolina : 0.25659329956986454
dakota : 0.2685135988988175
jordan : 0.5264231418609328
north : 0.20410025963752565
ratings : 0.2511496411089171
senate : 0.3024826411786968
south : 0.19199024292464503
virginia : 0.2511496411089171
