infowarcom : 0.06509665006666639
riskstxtjul : 2.1047916854888795
textplain : 2.1047916854888795
