infowarcom : 0.08327298742294335
riskstxtjul : 2.0540670230992695
textplain : 2.137340010522213
