infowarcom : 0.06969586990833303
riskstxtjul : 2.090876097249991
textplain : 2.1141080538861017
