infowarcom : 0.067852063826102
riskstxtjul : 2.0581792693917604
textplain : 2.1486486878265634
