infowarcom : 0.12572588297189488
riskstxtjul : 2.0535227552076165
textplain : 2.0954313828649145
