infowarcom : 0.06348534684719444
riskstxtjul : 2.0738546636750184
textplain : 2.137340010522213
