infowarcom : 0.06380119434394665
riskstxtjul : 2.084172348568924
textplain : 2.1267064781315552
