david : 0.023958405843191182
intelligence : 0.08456126065695742
rudolf : 0.024565841157945464
subscription : 0.16409230664531685
anonymous : 0.04913168231589093
wei : 0.029834964844603063
pm : 0.035833894679249294
am : 0.020047503349745276
nextpartbbcaded : 0.0447524472669046
access : 0.028417205103868172
concerning : 0.030019642366824202
cycle : 0.06150618735315721
jf : 0.05302103587088531
linkage : 0.026510517935442655
originally : 0.039765776903163984
subscribers : 0.03317375724939309
`chris : 0.059669929689206126
`john : 0.029834964844603063
able : 0.026875421009436972
addresses : 0.020502062451052402
adress : 0.0447524472669046
agents : 0.019296717471287864
approaches : 0.01833426809257251
article : 0.016846714479604456
bar : 0.020283401355666072
book : 0.010118543433699893
britain : 0.02818708688565247
british : 0.023958405843191182
called : 0.01292196472653994
chinese : 0.019861624117121834
cloaks : 0.022115838166262055
cloaksanddaggers : 0.026510517935442655
comments : 0.017916947339624647
community : 0.018213746158171246
confirmation : 0.10442237695611073
confirmers : 0.059669929689206126
consumer : 0.016846714479604456
contact : 0.022194934922090574
contenttransferencoding : 0.029834964844603063
contenttype : 0.029834964844603063
conversation : 0.024565841157945464
daggers : 0.022115838166262055
date : 0.06136567311383074
designed : 0.013684864940591198
dont : 0.0289450762069318
dr : 0.04640083304382371
driver : 0.026510517935442655
email : 0.025270071719406685
employer : 0.019861624117121834
england : 0.01653717720796143
entails : 0.029834964844603063
evening : 0.026510517935442655
fax : 0.017177615541891993
forever : 0.024565841157945464
france : 0.0324928232714007
french : 0.015972270562127452
government : 0.008360927365091284
gratefully : 0.029834964844603063
head : 0.016846714479604456
heathrow : 0.0447524472669046
historical : 0.011268053521303827
home : 0.017208264558349957
hope : 0.04423167633252411
huff : 0.0447524472669046
hulnick : 0.029834964844603063
human : 0.011369029104986477
idea : 0.03666853618514502
information : 0.015212097667818737
irish : 0.03859343494257573
job : 0.024369617453550527
kies : 0.11933985937841225
knew : 0.021241394248785052
lawyer : 0.03477910653942337
liaotzu : 0.029834964844603063
list : 0.08423357239802229
listserv : 0.059669929689206126
loewenthal : 0.059669929689206126
london : 0.07434487987074768
lots : 0.039765776903163984
loughborough : 0.029834964844603063
lurking : 0.059669929689206126
mans : 0.023569433028297112
mean : 0.022115838166262055
means : 0.013684864940591198
mi : 0.018395888661655344
molloy : 0.07458741211150767
monday : 0.03477910653942337
money : 0.013853168632731583
morning : 0.024565841157945464
name : 0.04134294301990357
notified : 0.029834964844603063
oct : 0.09225928102973581
october : 0.0152329387643948
origins : 0.07070829908489133
pair : 0.029834964844603063
paper : 0.007077496603052705
paris : 0.042482788497570104
phd : 0.023186071026282246
phone : 0.015466944347941236
pode : 0.029834964844603063
producerpolicy : 0.029834964844603063
re : 0.03186209137317758
received : 0.015712955352198073
remember : 0.039765776903163984
republican : 0.022115838166262055
rights : 0.009813922782753486
service : 0.011169160057501739
shifts : 0.029834964844603063
similar : 0.014796623281393714
snarfs : 0.029834964844603063
spots : 0.024565841157945464
spotted : 0.059669929689206126
starting : 0.03477910653942337
subject : 0.043909151796171
targets : 0.026510517935442655
taxi : 0.0447524472669046
tell : 0.04637214205256449
texts : 0.029834964844603063
time : 0.021749051832559787
told : 0.015009821183412101
tue : 0.10442237695611073
tuesday : 0.026510517935442655
tyrone : 0.07458741211150767
understand : 0.01833426809257251
warfare : 0.026510517935442655
watch : 0.026510517935442655
weeks : 0.02979243617568276
week : 0.023958405843191182
workplace : 0.021241394248785052
wrote : 0.021241394248785052
youve : 0.024565841157945464
