engaged : 0.034260721614927284
analyst : 0.03697286280628625
attend : 0.032336426815918716
believe : 0.040368216649801204
bill : 0.02063609333893371
british : 0.022275708442833272
business : 0.01348426455323594
businessman : 0.041609298796653774
christopher : 0.02962428562455976
clinton : 0.09398100251498406
cloaks : 0.0308438278104725
cloaksanddaggers : 0.05545929420942937
committee : 0.05159023334733427
companies : 0.018858814638378487
company : 0.02645890867869862
concern : 0.023495250628746016
created : 0.022275708442833272
criminal : 0.021914054788851493
currency : 0.02962428562455976
daggers : 0.0308438278104725
date : 0.024452446907278946
democratic : 0.05944803275073426
digest : 0.05382428886640161
dinner : 0.1664371951866151
director : 0.022275708442833272
dnc : 0.08321859759330755
domb : 0.08321859759330755
donated : 0.041609298796653774
donations : 0.03697286280628625
editor : 0.028593177398290474
federal : 0.015052162251154631
foreign : 0.021848216410687515
fundraising : 0.06241394819498066
grigori : 0.05545929420942937
intelligence : 0.09172587137036739
invitation : 0.041609298796653774
invited : 0.11091858841885874
iraq : 0.034260721614927284
jerusalem : 0.041609298796653774
korea : 0.04288976609743571
latvian : 0.03697286280628625
law : 0.011436325508915646
loutchansky : 0.4621607850785781
magazine : 0.0308438278104725
materials : 0.024452446907278946
mcguire : 0.03697286280628625
meet : 0.023495250628746016
meeting : 0.04382810957770299
met : 0.02265803897019079
money : 0.028980458126333132
months : 0.022275708442833272
national : 0.037661232406275356
newspaper : 0.026912144433200804
nordex : 0.29578290245029
north : 0.014334800844107154
nuclear : 0.04699050125749203
oct : 0.1143727095931619
october : 0.042489200433127976
official : 0.025569865533788417
officials : 0.044551416885666544
party : 0.015855803133041343
past : 0.020351413643824704
president : 0.08011012683918756
private : 0.01932030541755542
received : 0.021914054788851493
report : 0.02116772213304108
russia : 0.017827706412109203
russian : 0.06773807935747968
sam : 0.03697286280628625
security : 0.01571497765345718
smuggling : 0.041609298796653774
sources : 0.023063554835183665
soviet : 0.032356433744606165
story : 0.03341356266424991
subject : 0.015309461788464304
time : 0.024265831743618543
told : 0.052333573858552224
top : 0.023063554835183665
tribunereview : 0.0739457256125725
ukraine : 0.02620739182010497
uptonknittle : 0.041609298796653774
washington : 0.03912713450294863
wayne : 0.034260721614927284
wed : 0.03697286280628625
went : 0.034260721614927284
west : 0.05019589206072807
