david : 0.07060533736120653
yeah : 0.043961767986570595
conspiratorial : 0.043961767986570595
gs : 0.043961767986570595
himherself : 0.043961767986570595
information : 0.01681124927777495
list : 0.049647208042367906
reason : 0.025834917403803552
forwarded : 0.043961767986570595
especially : 0.022116944994639034
activity : 0.023939058841296983
actual : 0.02926606804537034
admin : 0.03619772354368642
adminsitration : 0.043961767986570595
analyst : 0.03906320133950384
article : 0.024823604021183953
assistant : 0.03258764846406812
associated : 0.030209752798900535
associating : 0.043961767986570595
attended : 0.03619772354368642
authority : 0.021802798262689677
bill : 0.021802798262689677
birdsey : 0.09765800334875961
birdseylahorwpoausstategov : 0.043961767986570595
bitburg : 0.043961767986570595
cant : 0.03619772354368642
chain : 0.03258764846406812
christopher : 0.031299156896619676
cia : 0.030209752798900535
clinton : 0.049647208042367906
cloaks : 0.03258764846406812
community : 0.017891948522867865
company : 0.018636545806668757
concerning : 0.022116944994639034
congress : 0.020412619504767034
conspriatorial : 0.043961767986570595
contributors : 0.043961767986570595
course : 0.027015511641705785
criminal : 0.023153011950058647
crossreferencing : 0.043961767986570595
current : 0.01645773761123048
daggers : 0.03258764846406812
date : 0.03875237610570533
davidmpaknetptcpk : 0.043961767986570595
director : 0.023535112453735508
ethnic : 0.026400590249552925
faux : 0.043961767986570595
fellow : 0.03619772354368642
fiasco : 0.043961767986570595
filed : 0.031299156896619676
fine : 0.031299156896619676
food : 0.021802798262689677
fundraiser : 0.043961767986570595
future : 0.016752244299573716
gaffs : 0.043961767986570595
glances : 0.043961767986570595
grigori : 0.11718960401851154
guess : 0.07812640267900768
guys : 0.043961767986570595
highly : 0.02926606804537034
httpturnpikenetmetrobirdhaexindexhtml : 0.043961767986570595
imagine : 0.05859480200925577
intern : 0.043961767986570595
investigation : 0.023535112453735508
issues : 0.01577106801085134
job : 0.023939058841296983
knows : 0.03258764846406812
lots : 0.03906320133950384
loutchansky : 0.13672120468826346
mcguire : 0.09765800334875961
meet : 0.024823604021183953
name : 0.02436750139830359
nefarious : 0.043961767986570595
news : 0.030246936467631786
newsgroup : 0.03619772354368642
nordex : 0.07812640267900768
notice : 0.027689081817001367
nucleardealer : 0.043961767986570595
numerous : 0.03416463469243709
oct : 0.12083901119560214
opinions : 0.03619772354368642
organization : 0.0199250373741172
particular : 0.022116944994639034
pas : 0.043961767986570595
person : 0.029887556061175803
pertain : 0.043961767986570595
possibly : 0.03906320133950384
president : 0.01538896750717448
press : 0.01738084844103305
produce : 0.030209752798900535
re : 0.046948735344929514
reaches : 0.03619772354368642
reagans : 0.03619772354368642
reference : 0.031299156896619676
registered : 0.031299156896619676
ruddy : 0.043961767986570595
russian : 0.017891948522867865
significance : 0.03960088537432939
sloppy : 0.043961767986570595
special : 0.020412619504767034
staff : 0.023939058841296983
story : 0.035302668680603264
strategic : 0.031299156896619676
subject : 0.024262521597619227
suspected : 0.03619772354368642
thats : 0.03619772354368642
thu : 0.08792353597314119
told : 0.022116944994639034
tribunereview : 0.03906320133950384
visit : 0.023153011950058647
washington : 0.02066963465791809
wayne : 0.09049430885921607
wed : 0.03906320133950384
went : 0.03619772354368642
whos : 0.03906320133950384
wrong : 0.031299156896619676
wrote : 0.06259831379323935
