david : 0.08325546030508936
intelligence : 0.09795012692764234
adscapesixnetcomcom : 0.1555147542524935
afb : 0.1555147542524935
birdsey : 0.13818607473849484
bolling : 0.2332721313787402
cloaks : 0.11527880644164097
coffee : 0.12085739522449622
daggers : 0.11527880644164097
date : 0.18278204063191014
degree : 0.09795012692764234
files : 0.08781349922493824
fri : 0.311029508504987
gold : 0.11072076752179211
guy : 0.13818607473849484
infosecurity : 0.2332721313787402
intelspook : 0.1555147542524935
john : 0.06966507414036482
masters : 0.17291820966246144
news : 0.14266471700566327
nov : 0.3201236175894768
particular : 0.07823869291853558
pike : 0.1555147542524935
pm : 0.09339208800779347
policy : 0.05579015308838662
speakterminology : 0.1555147542524935
spookspeak : 0.2332721313787402
subject : 0.11443822686877068
text : 0.09795012692764234
turiyan : 0.1555147542524935
wrote : 0.16608115128268813
www : 0.12804944703579074
