carlos : 0.5123502508517376
cloaks : 0.5123502508517376
daggers : 0.5123502508517376
indian : 0.44704062141816886
information : 0.17620679798556704
intelligence : 0.6530008461842822
oct : 0.7124466701740709
subcontinent : 0.6911766855666377
