crankcase : 0.22560991794039972
developed : 0.12592228384369752
diesel : 0.18076860003557893
elaión : 0.45121983588079945
engines : 0.3489534711056674
gasoline : 0.2090603216910869
genemax : 0.2539016395959077
generation : 0.2090603216910869
lube : 0.22560991794039972
meet : 0.14336897832642975
motor : 0.16902647462938378
oils : 0.18076860003557893
requirements : 0.21927752084598862
sae : 0.49329549071222945
semisynthetic : 0.2539016395959077
sj : 0.45121983588079945
specially : 0.22560991794039972
typical : 0.18821029623125055
vehicles : 0.23404254473273683
