bh : 0.4607844570444251
bio : 0.4094402214473921
engines : 0.47496444678271393
lube : 0.4094402214473921
motos : 0.4607844570444251
móvil : 0.4094402214473921
oils : 0.3280615333979025
sintoil : 0.9215689140888502
super : 0.4094402214473921
synthetic : 0.3580959858503591
twostroke : 0.9215689140888502
