api : 0.4607844570444251
classification : 0.3580959858503591
diesel : 0.49209230009685373
engines : 0.3166429645218093
heavy : 0.4094402214473921
lubes : 0.4094402214473921
monograde : 0.4607844570444251
motor : 0.3067517502533261
móvil : 0.6141603321710881
oils : 0.3280615333979025
sae : 0.5371439787755387
vehicles : 0.28316258498528657
