crossarm : 0.026247215907593834
hydraulic : 0.17491908194746184
actuator : 0.05249443181518767
additives : 0.05402930254674714
adhesiveness : 0.026247215907593834
air : 0.042878187671437
applicable : 0.023322544259661574
application : 0.018511096861363353
atlanta : 0.023322544259661574
atlas : 0.026247215907593834
aurelia : 0.026247215907593834
averagespeed : 0.03937082386139076
bearings : 0.05249443181518767
blade : 0.05249443181518767
boxes : 0.026247215907593834
bp : 0.05249443181518767
cables : 0.026247215907593834
charge : 0.025464339194705823
compound : 0.026247215907593834
compounds : 0.026247215907593834
compressor : 0.06561803976898459
compressors : 0.03937082386139076
conditions : 0.01952592376057335
content : 0.024194271501907394
cooling : 0.032417581528048287
copco : 0.026247215907593834
corrosion : 0.03937082386139076
crankcase : 0.03498381638949236
cups : 0.020397872611729317
cylinder : 0.03937082386139076
cylinders : 0.10498886363037534
de : 0.007167939211184383
description : 0.10014194550545429
developed : 0.0260345650140978
diesel : 0.018687049370766595
endless : 0.023322544259661574
engines : 0.09920143508752888
ep : 0.030596808917593976
equipment : 0.08409172216844969
erosion : 0.06561803976898459
fluid : 0.05830636064915394
formulated : 0.07874164772278151
fuel : 0.02620980144569559
gas : 0.05717091689524933
gases : 0.026247215907593834
gears : 0.05249443181518767
grade : 0.018687049370766595
grease : 0.026247215907593834
hammers : 0.03937082386139076
highly : 0.06115620337328971
industrial : 0.017435786501898816
ingersoll : 0.026247215907593834
inhibiting : 0.06561803976898459
lathe : 0.026247215907593834
light : 0.012837706074902082
line : 0.035731823059530834
load : 0.020397872611729317
low : 0.03084928955812829
lubes : 0.05830636064915394
lubricate : 0.07874164772278151
lubricating : 0.03937082386139076
lubrication : 0.05249443181518767
machine : 0.07782535455975761
machines : 0.040795745223458635
marine : 0.06809718523978792
mechanisms : 0.032417581528048287
metal : 0.023322544259661574
mill : 0.018036624561368883
mineral : 0.07874164772278151
motion : 0.01576237772283434
necks : 0.026247215907593834
oil : 0.0952489674085242
oils : 0.1775269690222827
operating : 0.025464339194705823
operation : 0.016129514334604928
particularly : 0.011757818420314738
plant : 0.016129514334604928
pneumatic : 0.023322544259661574
pressure : 0.025464339194705823
produced : 0.020397872611729317
product : 0.15648044645686118
pump : 0.04664508851932315
pumped : 0.05249443181518767
pure : 0.023322544259661574
rand : 0.023322544259661574
recommended : 0.023322544259661574
reducers : 0.03937082386139076
reducing : 0.018687049370766595
refined : 0.06996763277898473
refrigerating : 0.026247215907593834
requiring : 0.050994681529323294
residual : 0.023322544259661574
ring : 0.023322544259661574
semirapid : 0.03937082386139076
severe : 0.019456338639939404
slow : 0.021611721018698855
special : 0.012187281265504368
specially : 0.08162890490881552
spindles : 0.026247215907593834
stationary : 0.026247215907593834
steam : 0.07874164772278151
sulfur : 0.026247215907593834
systems : 0.042729294784570514
textile : 0.019456338639939404
tools : 0.06809718523978792
traction : 0.026247215907593834
turbine : 0.06561803976898459
turbines : 0.06561803976898459
turbocompressors : 0.03937082386139076
type : 0.05645330017111726
viscosity : 0.05249443181518767
water : 0.0320942651872552
workshop : 0.023322544259661574
xt : 0.026247215907593834
