al : 0.040441332732573276
además : 0.015509919956628851
aproximadamente : 0.01658738090214114
barriles : 0.051810699524333016
barrilesdía : 0.023298090524718124
base : 0.01506878499162367
bloque : 0.08147689565696374
bpd : 0.025905349762166508
bruta : 0.034947135787077185
comprobadas : 0.023298090524718124
con : 0.03245377145982624
contrato : 0.03317476180428228
contratos : 0.023264879934943274
crudo : 0.041468452255352846
cúbicos : 0.025905349762166508
de : 0.3372152974969553
declinación : 0.023298090524718124
del : 0.03167857065660207
desarrollo : 0.023264879934943274
desde : 0.03317476180428228
donde : 0.017270233174777674
dos : 0.025905349762166508
ejercicio : 0.01658738090214114
el : 0.06933117294504561
eléctrica : 0.019183437758170895
en : 0.13616280998087496
energía : 0.01810597681265861
es : 0.01657870400649639
estas : 0.01658738090214114
estatal : 0.020702033668688367
este : 0.03228465775149773
estudios : 0.023298090524718124
fines : 0.01658738090214114
fue : 0.016010037532001593
gas : 0.05709062066365488
generación : 0.020702033668688367
indonesia : 0.031019839913257703
inició : 0.01810597681265861
instalaciones : 0.023298090524718124
java : 0.03621195362531722
km : 0.01506878499162367
la : 0.1388648449347054
las : 0.02810593956209306
lo : 0.01506878499162367
los : 0.05740193374861521
maxus : 0.016010037532001593
millones : 0.08214923174467871
mmcfd : 0.03105305050303255
más : 0.025373609183846617
natural : 0.03934831538693029
noroccidental : 0.034947135787077185
offshore : 0.019183437758170895
operaciones : 0.013155580408230446
operadora : 0.019183437758170895
para : 0.03652850329457332
parte : 0.014674176318747916
participación : 0.014674176318747916
perforación : 0.024881071353211708
perforaron : 0.023298090524718124
permitió : 0.020702033668688367
petrolera : 0.03105305050303255
petróleo : 0.06296095820750122
pies : 0.03454046634955535
plataformas : 0.023298090524718124
por : 0.03418580157024487
pozos : 0.04402252895624374
produccion : 0.017270233174777674
producción : 0.07975648966691551
producidos : 0.023298090524718124
productora : 0.023298090524718124
programa : 0.03013756998324734
promedió : 0.023298090524718124
que : 0.05343247827927463
recibe : 0.023298090524718124
región : 0.01658738090214114
reservas : 0.05274074747068285
se : 0.08395170587629532
sudoriental : 0.058245226311795316
sumatra : 0.0621061010060651
también : 0.013691538624113118
tiene : 0.03454046634955535
un : 0.04938335639782077
una : 0.011395267190081623
volumen : 0.034947135787077185
widuri : 0.023298090524718124
yacimientos : 0.049762142706423415
ypfmaxus : 0.07771604928649953
