además : 0.05672806340301237
al : 0.04226158841329575
bloque : 0.1655580756499948
bolivia : 0.06316646928309094
bpd : 0.06316646928309094
con : 0.059350390272421956
de : 0.19780566494425947
del : 0.13517636656892523
donde : 0.09474970392463641
el : 0.11411151273078396
en : 0.19920805624599242
es : 0.06063717766759638
espera : 0.06066891371057101
está : 0.06622323025999792
exploratorio : 0.07571839711698347
ha : 0.03056994689774609
inició : 0.06622323025999792
km : 0.055114597161144106
la : 0.12259725799856609
lagunillas : 0.08521356397396902
los : 0.05725896504687519
mamore : 0.12782034596095354
operadora : 0.07016408056755656
participación : 0.13417825606526346
perforación : 0.06066891371057101
planificado : 0.08521356397396902
pozo : 0.06316646928309094
producción : 0.04487878343744244
que : 0.05862933575575202
realizando : 0.08521356397396902
se : 0.1264349220651055
sísmica : 0.06622323025999792
tiene : 0.12633293856618188
un : 0.0541863951707595
una : 0.14587502998809967
ypfmaxus : 0.18949940784927283
