bloque : 0.11790965387755728
bpd : 0.1124671282357473
capacidad : 0.12492628979101535
con : 0.07044843072986672
de : 0.3314734815708681
del : 0.2406798721836962
ecuador : 0.2249342564714946
el : 0.11287453156297059
en : 0.1266741124212321
la : 0.2494661974604969
oleoducto : 0.11790965387755728
para : 0.10194888898589974
por : 0.07420820340858034
producción : 0.1997653165203231
proyecto : 0.12492628979101535
que : 0.06959254488081135
región : 0.10802026099687034
se : 0.09647821579184009
un : 0.0643188105278934
yacimientos : 0.1620303914953055
ypfmaxus : 0.16870069235362092
