además : 0.040799493876058156
adicionales : 0.05445756639940684
bpd : 0.09086014300818993
con : 0.07114250393902798
convenio : 0.05445756639940684
dado : 0.06128660266108118
de : 0.3096337878959402
del : 0.06944317212900453
el : 0.0729514213845406
empresa : 0.03460630511327615
en : 0.12280524790393339
enero : 0.04543007150409496
esta : 0.03963906987944355
exploración : 0.03963906987944355
exploratorio : 0.05445756639940684
fines : 0.04363380000858802
guarapiche : 0.06128660266108118
la : 0.25192399250936875
mismo : 0.047628530137732494
noreste : 0.06128660266108118
para : 0.02745421640999599
participación : 0.07720207048484125
petrolera : 0.05445756639940684
potencial : 0.10092567254052472
pozo : 0.04543007150409496
pozos : 0.05790155286363093
producción : 0.04841602745221623
profundo : 0.09192990399162176
que : 0.08433382286049058
quiriquire : 0.18385980798324353
región : 0.04363380000858802
reservas : 0.03963906987944355
reservorios : 0.05046283627026236
régimen : 0.06128660266108118
se : 0.0389714960341423
significativo : 0.05445756639940684
tiene : 0.09086014300818993
un : 0.12990498678047435
una : 0.044963591227859014
unidad : 0.1361439159985171
venezuela : 0.1361439159985171
yacimiento : 0.07144279520659874
ypfmaxus : 0.18172028601637985
