acciones : 0.05501653044561097
cada : 0.0686638880688173
de : 0.3376500060721886
el : 0.13797334044467463
empleados : 0.09544058164158316
empresa : 0.08726807376391377
empresarial : 0.07727441205092843
en : 0.18064829945288755
ese : 0.07727441205092843
estenssoro : 0.23182323615278533
fue : 0.10620323033650747
josé : 0.15454882410185686
la : 0.17470381219671444
lo : 0.04997969680451578
los : 0.06923237181651162
para : 0.06923237181651162
por : 0.03779548248138874
presidente : 0.08592209175774482
privatización : 0.06005336408670619
profundamente : 0.07727441205092843
que : 0.08861162546935605
seguirá : 0.07727441205092843
su : 0.12849694836745185
supo : 0.07727441205092843
sus : 0.04283231612248395
también : 0.04541168711351804
transformación : 0.07727441205092843
un : 0.06551729768058706
uno : 0.0636270544277221
visión : 0.11591161807639266
ypf : 0.17245878004680315
él : 0.0686638880688173
“pepe” : 0.11591161807639266
