resultados : 0.017271434428462327
anexo : 0.06208458038098945
en : 0.06295319526388506
expresados : 0.04466620597607914
nota : 0.07157706183226964
ley : 0.01789426545806741
activo : 0.0976625415955525
al : 0.05609265371219253
balances : 0.02069486012699648
bancarias : 0.02233310298803957
bienes : 0.03578853091613482
bosch : 0.04138972025399296
cambio : 0.04883127079777625
cargas : 0.01863091821279046
cierre : 0.033499654482059354
cobrar : 0.02233310298803957
cobro : 0.033499654482059354
comisión : 0.04466620597607914
con : 0.011670245090604183
contingencias : 0.02233310298803957
contratos : 0.02509787047527214
corriente : 0.11178550927674276
costo : 0.02069486012699648
costos : 0.016256022597024324
créditos : 0.07452367285116183
cuentas : 0.02233310298803957
de : 0.1818918877407819
deducidas : 0.06283424414242161
del : 0.09682763111805844
deuda : 0.0195325083191105
deudas : 0.02233310298803957
deudores : 0.033499654482059354
diciembre : 0.034542868856924654
documentos : 0.02233310298803957
dormal : 0.04466620597607914
dudoso : 0.033499654482059354
durante : 0.05181430328538698
ejercicio : 0.12525985820647187
ejercicios : 0.01863091821279046
el : 0.08227299189478746
existencia : 0.025133697656968643
exploratorias : 0.02069486012699648
exportaciones : 0.0195325083191105
externa : 0.02069486012699648
extranjera : 0.025133697656968643
finalizado : 0.02929876247866575
finalizados : 0.01863091821279046
financiera : 0.0195325083191105
fiscalizadora : 0.04466620597607914
frfrs : 0.037700546485452964
futuras : 0.02069486012699648
gastos : 0.05181430328538698
generales : 0.02069486012699648
honorarios : 0.025133697656968643
improductivas : 0.025133697656968643
incluidas : 0.06283424414242161
ja : 0.039065016638221
la : 0.015497142569515714
largo : 0.01789426545806741
leon : 0.04138972025399296
los : 0.02814750470317771
materiales : 0.02069486012699648
millones : 0.03692566477412326
moneda : 0.02233310298803957
negociables : 0.02233310298803957
nells : 0.04138972025399296
obligaciones : 0.0195325083191105
obsolescencia : 0.033499654482059354
otras : 0.02069486012699648
otros : 0.0650240903880973
pagar : 0.0195325083191105
para : 0.10133101693143974
pasivo : 0.10347430063498242
perforaciones : 0.01863091821279046
pesos : 0.05173715031749121
plazo : 0.0195325083191105
por : 0.14137037538240657
prefinanciación : 0.025133697656968643
presidente : 0.03726183642558092
previsión : 0.0195325083191105
probable : 0.02069486012699648
producción : 0.013236974508821409
préstamos : 0.01863091821279046
pérdidas : 0.0195325083191105
público : 0.02069486012699648
roberto : 0.04138972025399296
rubro : 0.037700546485452964
saldo : 0.050267395313937285
sector : 0.014770265909649303
servicios : 0.016256022597024324
sociedades : 0.017271434428462327
su : 0.020896978471878533
tenencia : 0.0195325083191105
tipo : 0.02233310298803957
total : 0.10375615782230055
uso : 0.016731913650181427
valor : 0.03578853091613482
valuar : 0.033499654482059354
varias : 0.025133697656968643
ventas : 0.046335695724865074
yen : 0.06699930896411871
