actividad : 0.026414395626750485
agua : 0.061583386101654126
al : 0.013100195134482333
algunos : 0.023471095496984264
así : 0.026414395626750485
avanzada : 0.023471095496984264
año : 0.02937039654564101
barrancas : 0.026414395626750485
barriles : 0.05874079309128202
chihuido : 0.023471095496984264
como : 0.023284336386230592
con : 0.01839736089123908
costos : 0.017084354958656137
crudo : 0.028209112744405632
cuenca : 0.035168990474903634
de : 0.3173981744977951
del : 0.02992985974986819
desarrollo : 0.026376742856177728
desde : 0.018806075162937086
donde : 0.03916052872752135
durante : 0.018151507520358497
día : 0.02052779536721804
ejemplo : 0.03962159344012573
ejercicio : 0.018806075162937086
el : 0.06288381546098404
empresa : 0.029830488059427
en : 0.15437566991462257
equipos : 0.03262406293905497
es : 0.009398118831708144
este : 0.014641195107685597
estos : 0.019580264363760674
existentes : 0.021749375292703307
exitoso : 0.026414395626750485
fines : 0.018806075162937086
fue : 0.027227261280537745
fueron : 0.018806075162937086
gas : 0.035959414289209374
horizontales : 0.03962159344012573
incrementó : 0.026414395626750485
inyeccion : 0.026414395626750485
la : 0.18458380003181138
las : 0.05098453240308346
los : 0.10057802635976237
mantenimiento : 0.023471095496984264
mejorar : 0.021749375292703307
mendoza : 0.03262406293905497
millones : 0.03104578184830745
más : 0.021575648573525626
negralomitas : 0.026414395626750485
neuquina : 0.02937039654564101
neuquén : 0.03262406293905497
nuevos : 0.019580264363760674
oleoducto : 0.02052779536721804
para : 0.017749063475252184
perforación : 0.0658212630702798
permitió : 0.023471095496984264
petroleo : 0.026414395626750485
petróleo : 0.03965693758292716
por : 0.07105711196872554
pozos : 0.10814026752096394
produccion : 0.02937039654564101
producción : 0.09042455516376408
programa : 0.03416870991731227
programas : 0.04105559073443608
provincia : 0.026414395626750485
que : 0.0605794976669483
reinyección : 0.03962159344012573
rendimiento : 0.026414395626750485
reservas : 0.06833741983462455
reservorios : 0.021749375292703307
resultados : 0.018151507520358497
se : 0.055988773495618455
secundaria : 0.021749375292703307
sierra : 0.043498750585406615
su : 0.014641195107685597
también : 0.03104578184830745
un : 0.03919214144693292
una : 0.025838949806809286
yacimiento : 0.02052779536721804
yacimientos : 0.03761215032587417
ypf : 0.045850682970688166
áreas : 0.017584495237451817
