agua : 0.05444026811914243
al : 0.013896828622390042
asistida : 0.042031014662836076
bajo : 0.023071972438881212
barriles : 0.03115643417341648
bombeo : 0.042031014662836076
chihuido : 0.024898391844773847
como : 0.024700275761068938
compañía : 0.020770956115610986
con : 0.045537611755566997
costos : 0.01812326843587171
crecimiento : 0.024898391844773847
cuenca : 0.04663455662635026
de : 0.2869597285558613
del : 0.01904995127322692
desarrollo : 0.018653822650540105
donde : 0.020770956115610986
el : 0.07921554962842711
empresa : 0.023733378168902225
en : 0.12633174995522878
espera : 0.019949687841764343
esta : 0.02718490265380757
este : 0.023297307080134853
estrategia : 0.037347587767160774
estrategias : 0.028020676441890716
existentes : 0.03460795865832182
explotación : 0.021776107247656974
gas : 0.022887681257050832
golfo : 0.023071972438881212
ha : 0.010052279835745337
importante : 0.024898391844773847
incorporar : 0.028020676441890716
incrementar : 0.028020676441890716
incremento : 0.023071972438881212
inyección : 0.0700516911047268
inyectores : 0.028020676441890716
jorge : 0.023071972438881212
km : 0.01812326843587171
la : 0.21884478358302598
las : 0.05408494315732502
los : 0.08786585927613581
mantenimiento : 0.024898391844773847
millones : 0.01646685050737929
muchos : 0.028020676441890716
más : 0.022887681257050832
neuquina : 0.020770956115610986
nuevos : 0.020770956115610986
operaciones : 0.015822252112601482
otros : 0.01812326843587171
para : 0.10669425769245063
perforaciones : 0.020770956115610986
perforar : 0.024898391844773847
permitirá : 0.042031014662836076
petróleo : 0.04206850811161868
por : 0.04111535594259181
pozo : 0.020770956115610986
pozos : 0.044121678796235284
producción : 0.08854462678198105
programado : 0.028020676441890716
programas : 0.021776107247656974
proyecto : 0.023071972438881212
proyectos : 0.021776107247656974
que : 0.05141070883086964
recuperación : 0.08075190353608423
reservas : 0.04530817108967928
rol : 0.024898391844773847
san : 0.023297307080134853
se : 0.0772115450706468
secundaria : 0.046143944877762424
sierra : 0.023071972438881212
sus : 0.023297307080134853
sísmica : 0.032664160871485465
también : 0.01646685050737929
técnica : 0.028020676441890716
técnicas : 0.037347587767160774
un : 0.05345414658737087
una : 0.020557677971295905
utiliza : 0.024898391844773847
ya : 0.023071972438881212
yacimiento : 0.032664160871485465
yacimientos : 0.06982390744617518
ypf : 0.041690485867170134
