“workovers” : 0.1681240586513443
comodoro : 0.1681240586513443
cuenca : 0.11192293590324064
de : 0.252524561129158
del : 0.07619980509290768
desarrollo : 0.11192293590324064
en : 0.3088109443350037
esta : 0.21747922123046057
la : 0.27643551610487493
más : 0.137326087542305
nuevos : 0.12462573669366592
para : 0.07531359366525928
perforar : 0.1493903510686431
pozos : 0.2117840582219294
programa : 0.10873961061523028
proyectos : 0.13065664348594186
región : 0.1795471905758791
reparaciones : 0.1681240586513443
rivadavia : 0.1681240586513443
se : 0.14254439089965565
zona : 0.1681240586513443
