aproximadamente : 0.03637643286136907
además : 0.01700677054792568
adicionales : 0.02269997120960901
aguaragüe : 0.025546571540450674
argentina : 0.01534161609984287
aumentar : 0.025546571540450674
austral : 0.021034816761526198
años : 0.018936970257353754
brasil : 0.03831985731067601
capacidad : 0.021034816761526198
chile : 0.021034816761526198
como : 0.015012898614530607
con : 0.035585860286544584
construcción : 0.025546571540450674
construir : 0.025546571540450674
contrato : 0.018188216430684533
contratos : 0.01700677054792568
convenio : 0.02269997120960901
crecimiento : 0.02269997120960901
cuenca : 0.051020311643777044
cúbicos : 0.05681091077206126
cúbicosdía : 0.03831985731067601
de : 0.25115752505061667
del : 0.04631446059035045
demanda : 0.025546571540450674
descubrimiento : 0.025546571540450674
desde : 0.0272823246460268
dos : 0.06627939590073813
durante : 0.017555154090531523
día : 0.02978005631815102
el : 0.07222115818279598
eléctrica : 0.021034816761526198
empresa : 0.014425215478429279
empresas : 0.021034816761526198
en : 0.11944302345755603
energía : 0.02978005631815102
entregas : 0.021034816761526198
es : 0.018178702134433414
espera : 0.018188216430684533
este : 0.021240255325626026
está : 0.019853370878767346
evaluación : 0.025546571540450674
exportaciones : 0.019853370878767346
exportación : 0.021034816761526198
exportar : 0.025546571540450674
factibilidad : 0.03831985731067601
fue : 0.017555154090531523
gas : 0.15997878233881116
gasoducto : 0.04539994241921802
generadoras : 0.025546571540450674
importante : 0.034049956814413515
inició : 0.019853370878767346
la : 0.1417654417806828
las : 0.06163684487128416
los : 0.06294175076336864
mercado : 0.03970674175753469
mercados : 0.02269997120960901
methanex : 0.03831985731067601
millones : 0.07506449307265302
más : 0.027822396928488896
natural : 0.08012789833266941
neuquen : 0.025546571540450674
neuquina : 0.018936970257353754
nivel : 0.02269997120960901
noroeste : 0.019853370878767346
otro : 0.025546571540450674
para : 0.09155163747399074
partir : 0.021034816761526198
pies : 0.08521636615809189
planta : 0.034049956814413515
plantas : 0.02269997120960901
por : 0.049980063076004826
precio : 0.018188216430684533
probable : 0.021034816761526198
proyecto : 0.021034816761526198
proyectos : 0.019853370878767346
que : 0.04687136492999203
reservas : 0.03304612396520345
se : 0.07580902924642877
suministrar : 0.025546571540450674
también : 0.015012898614530607
transportar : 0.02269997120960901
transporte : 0.019853370878767346
un : 0.03248958396275519
una : 0.031237539422503013
vender : 0.025546571540450674
ventas : 0.023548428525470445
volúmenes : 0.019853370878767346
ya : 0.021034816761526198
yacimiento : 0.02978005631815102
ypf : 0.08235369076841409
