sísmica : 0.06411532903156297
utes : 0.04398495747644398
yacimientos : 0.05873780770386849
además : 0.021968958240954392
afuera : 0.029323304984295986
al : 0.01636655678605087
alto : 0.04398495747644398
aproximadamente : 0.023495123081547394
asociadas : 0.033000478355966784
bajo : 0.02717229645321819
con : 0.03830750212101506
convencional : 0.033000478355966784
costa : 0.029323304984295986
cuenca : 0.07689135384334038
cuencas : 0.09900143506790036
de : 0.225305251067732
del : 0.07478495460046641
diversificar : 0.033000478355966784
el : 0.04910191823959464
empresa : 0.01863416429176408
empresas : 0.04075844467982729
en : 0.2369511514043843
es : 0.017612124548015397
estas : 0.023495123081547394
estrategia : 0.029323304984295986
exploración : 0.12806468730281761
explorar : 0.033000478355966784
exploratorios : 0.06600095671193357
gas : 0.017970168838427177
gastos : 0.04535469518349523
golfo : 0.02717229645321819
ha : 0.01183875927605021
jorge : 0.02717229645321819
km : 0.12806468730281761
la : 0.14921651864016458
largo : 0.023495123081547394
las : 0.07165896314876352
los : 0.0517406386188386
mediano : 0.033000478355966784
mediante : 0.029323304984295986
menos : 0.029323304984295986
millones : 0.029089979941418057
más : 0.017970168838427177
neuquina : 0.024462346194512673
noroeste : 0.038469197418937784
nuevas : 0.04075844467982729
nuevos : 0.024462346194512673
oportunidades : 0.033000478355966784
para : 0.02956607921076491
perforación : 0.04699024616309479
petróleo : 0.019817949709876596
por : 0.0161407763382058
pozos : 0.041570345645683744
producción : 0.01738011241874429
programa : 0.0213441145504696
propios : 0.033000478355966784
proyectos : 0.05129226322525038
que : 0.03027368000120175
reservas : 0.032016171825704404
riesgo : 0.11550167424588374
san : 0.018291784869283595
se : 0.05595907122851203
superficie : 0.04950071753395018
sus : 0.03658356973856719
también : 0.01939331996094537
tiene : 0.048924692389025345
total : 0.022705260000901315
totales : 0.029323304984295986
transitorias : 0.033000478355966784
un : 0.013989767807128007
una : 0.0161407763382058
uniones : 0.033000478355966784
ya : 0.02717229645321819
ypf : 0.11456589750235611
áreas : 0.03295343736143159
