además : 0.09859877686714054
agua : 0.11510228116618686
ambiente : 0.11510228116618686
de : 0.303357427330482
del : 0.20138519917411313
el : 0.17629926834597312
empresa : 0.08363190402375069
en : 0.17312128697568388
la : 0.15220407880774361
las : 0.17867347293044872
los : 0.0663476896574903
medio : 0.10978933946822948
más : 0.08065182919151245
operaciones : 0.08363190402375069
para : 0.1326953793149806
por : 0.07244134142266175
producción : 0.07800359978412615
programa : 0.0957944188753219
que : 0.0679355795265063
se : 0.1883622308316878
ypf : 0.14690933115098045
