comercializaci贸n : 0.23581930775511456
de : 0.49721022235630213
exploraci贸n : 0.19626173623236684
finanzas : 0.30344342293169463
industrializaci贸n : 0.2498525795820307
juan : 0.2498525795820307
operaciones : 0.34268682624366137
presidente : 0.2249342564714946
producci贸n : 0.15981225321625847
vicepresidente : 1.4829725093887254
