con : 0.08252530456927244
costos : 0.40233655927635203
de : 0.5339090721016483
disminuyeron : 0.15792694255827983
el : 0.052889780503791936
eléctrica : 0.14634222518376083
en : 0.11871173964046895
energía : 0.13812273739942424
la : 0.18264489456929234
los : 0.2786602965614593
para : 0.11942584138348256
por : 0.0869296097071941
redujeron : 0.1777311477171354
se : 0.11301733849901269
también : 0.15667032054163726
terminación : 0.15792694255827983
