aceleró : 0.06547989652736567
actividades : 0.05088732430505104
afuera : 0.058183610416208356
avanzada : 0.058183610416208356
calidad : 0.046619270535491406
con : 0.030404059578153005
costa : 0.058183610416208356
de : 0.3218781965780272
desarrollo : 0.04359103819389371
el : 0.04871427151665046
empresa : 0.05546115740522415
en : 0.10933976019516876
estas : 0.046619270535491406
está : 0.05088732430505104
exploración : 0.10587804191482947
la : 0.2287867626710083
las : 0.03159699310770041
los : 0.10266431978580079
maxus : 0.06749494770070147
mejorar : 0.10783111329329746
más : 0.035656598168879186
operaciones : 0.0369741049368161
optimizar : 0.09821984479104852
para : 0.1319969825817439
perforaciones : 0.04853844481753304
permiten : 0.06547989652736567
pozos : 0.041242158706375716
producción : 0.08621450502456049
programas : 0.05088732430505104
que : 0.04505201589652524
recuperación : 0.08087333496997309
reservas : 0.04235121676593179
reservorios : 0.05391555664664873
se : 0.09715525590266001
significativamente : 0.058183610416208356
su : 0.0544421281241046
sus : 0.0725895041654728
sísmica : 0.05088732430505104
también : 0.03848042960671792
tecnología : 0.13095979305473135
tecnologías : 0.06547989652736567
técnicas : 0.058183610416208356
una : 0.032026698313176775
utiliza : 0.058183610416208356
utilizan : 0.06547989652736567
ypf : 0.08118673563606814
