en : 0.20296978473011215
mmcfd : 0.15883456866493662
bpd : 0.10600350017622158
compañía : 0.05300175008811079
con : 0.06639967034309277
cúbicos : 0.05300175008811079
de : 0.380765874304467
del : 0.04861022049030317
el : 0.03191624685573651
estados : 0.07139911428310178
extensión : 0.07150103643792803
forma : 0.06353382746597463
gas : 0.11680609744977666
la : 0.07347783114856589
las : 0.08625615934573387
los : 0.06405983828999064
mejorar : 0.05887330898197275
millones : 0.06302828987307246
más : 0.05840304872488833
natural : 0.08625615934573387
oklahoma : 0.07150103643792803
opera : 0.050906100010019356
para : 0.04804487871749298
participación : 0.045034541116157394
pies : 0.05300175008811079
pozos : 0.11258635279039349
producción : 0.07531382048122526
que : 0.08199121666992142
región : 0.050906100010019356
reservas : 0.046245581526017474
se : 0.06062232716422136
su : 0.05944830082517169
un : 0.06062232716422136
una : 0.08742920516528142
unidos : 0.08334992774103187
ventas : 0.04393902180806171
ypfmaxus : 0.13250437522027697
