año : 0.03467031772680931
años : 0.03467031772680931
calidad : 0.0998984368617673
con : 0.07601014894538251
control : 0.01650555247642549
costos : 0.07562717279630676
cuyo : 0.04677135466240405
de : 0.3576424406422524
del : 0.021198442018327695
dos : 0.03467031772680931
el : 0.0695918164523578
empresa : 0.03961511243230296
en : 0.1874395889060036
fines : 0.033299478953922435
funcionar : 0.04677135466240405
impacto : 0.04677135466240405
isomerización : 0.04677135466240405
la : 0.2210964513207223
las : 0.13541568474728746
los : 0.1257114119826132
mejora : 0.04155972172586311
mejoró : 0.04677135466240405
mendoza : 0.03851111189046338
naftas : 0.10389930431465777
nuevas : 0.03851111189046338
octanaje : 0.04677135466240405
para : 0.0628557059913066
plantas : 0.04155972172586311
plata : 0.05776666783569506
plomo : 0.04677135466240405
por : 0.05719053270210138
procesamiento : 0.04677135466240405
producción : 0.024632715721302996
producir : 0.04677135466240405
productos : 0.02874206689700277
programa : 0.030250869118522705
que : 0.032180011354660885
refinería : 0.07702222378092675
se : 0.07931041298176328
significativamente : 0.04155972172586311
sin : 0.03467031772680931
sus : 0.025924822916240285
terminación : 0.04155972172586311
transporte : 0.036348088789322164
términos : 0.04155972172586311
un : 0.04956900811360205
una : 0.045752426161681105
unidad : 0.06233958258879466
ypf : 0.06958863054520127
