además : 0.01844609634040046
años : 0.04107930741795669
calidad : 0.06904635836548283
cliente : 0.024621126902181708
clientes : 0.07188878798142422
colores : 0.041562963274608504
combustibles : 0.041562963274608504
como : 0.03256695601459423
con : 0.07719516240332834
concesionarios : 0.041562963274608504
de : 0.34430054558488554
del : 0.056513441193626404
diez : 0.027708642183072334
el : 0.07833341655906823
empleados : 0.022815046242457143
empresa : 0.04693817330508948
en : 0.09716384035160879
entrega : 0.027708642183072334
estaciones : 0.16431722967182677
estas : 0.01972753096156652
este : 0.023037871589264753
ha : 0.024850847700840364
imagen : 0.049242253804363416
imagen” : 0.041562963274608504
independientes : 0.041562963274608504
inició : 0.043067223242582164
introdujo : 0.027708642183072334
la : 0.2221027003002976
las : 0.08022399140930615
logotipo : 0.027708642183072334
los : 0.09309364027665679
marca : 0.027708642183072334
mayor : 0.01792145030184196
modernizadas : 0.027708642183072334
más : 0.0301770764012786
naftas : 0.07386338070654513
operan : 0.027708642183072334
otros : 0.01792145030184196
para : 0.06206242685110452
parte : 0.01745213842808772
por : 0.013552500399785271
productos : 0.042568985493333725
programa : 0.12545015211289373
próximos : 0.027708642183072334
que : 0.05083820650535884
red : 0.04786012704433605
remodelación : 0.027708642183072334
reputación : 0.027708642183072334
se : 0.03523925922018213
seguridad : 0.05541728436614467
servicio : 0.11843486391710095
servicios : 0.01792145030184196
sus : 0.06911361476779426
traves : 0.027708642183072334
un : 0.04698567896024284
una : 0.027105000799570542
ypf : 0.1236786796772174
“nueva : 0.041562963274608504
