abastecimiento : 0.12441180340199479
además : 0.08282297256839806
combustible : 0.12441180340199479
con : 0.05776771319849071
de : 0.4077123823321677
del : 0.0845817836531275
división : 0.10243955762863259
el : 0.11106853905796306
empresa : 0.07025079937995059
empresas : 0.10243955762863259
en : 0.1246473266224924
la : 0.15342171143820557
las : 0.12006857380926154
los : 0.19506220759302154
mayoristas : 0.24882360680398957
operaciones : 0.07025079937995059
para : 0.08359808896843779
por : 0.06085072679503587
productos : 0.07645389794602737
se : 0.05274142463287259
servicios : 0.08046731185527041
sus : 0.10344004343579874
ventas : 0.15290779589205475
ypf : 0.18510575725023537
