calidad : 0.05827408816936426
clientes : 0.0606730560219163
como : 0.0721508055125961
con : 0.038005074472691254
de : 0.3576424406422524
división : 0.10109166871246636
el : 0.03653570363748785
empresa : 0.04621763117102012
en : 0.15034217026835706
estaciones : 0.0606730560219163
imagen : 0.07272951302026044
internacionales : 0.0673944458083109
iso : 0.0673944458083109
la : 0.26916089726000975
las : 0.11848872415387653
los : 0.128330399732251
lubricantes : 0.23309635267745704
nuevos : 0.0606730560219163
operaciones : 0.04621763117102012
para : 0.0733316569898577
primera : 0.0818498706592071
proceso : 0.07272951302026044
productos : 0.07544792560463227
que : 0.05631501987065655
se : 0.05204745851928216
servicio : 0.06360915538131379
servicios : 0.052939020957414734
su : 0.06805266015513074
también : 0.0962010740167948
un : 0.06939661135904288
ventas : 0.10059723413950969
ypf : 0.14207678736311924
