lpg : 0.08078688532597064
pbb : 0.05383873041759539
argentina : 0.07277305559048843
año : 0.029942547127698955
bahía : 0.031391531227141875
blanca : 0.047087296840712806
capacidad : 0.033259596632672916
chemical : 0.027757662474314455
clientes : 0.029942547127698955
como : 0.023737927354793523
con : 0.05626725311541303
de : 0.25371712104003946
del : 0.07323098151785933
derivados : 0.049889394949009375
dow : 0.031391531227141875
el : 0.10818364193957442
empresa : 0.04561740219477311
en : 0.15513465975743101
entre : 0.031391531227141875
es : 0.01437179860303421
esfuerzos : 0.033259596632672916
estos : 0.029942547127698955
etileno : 0.04039344266298532
gas : 0.08798381366346814
industria : 0.04039344266298532
itochu : 0.04039344266298532
la : 0.1743428539070518
las : 0.05847495477723776
licuado : 0.08973121736265899
los : 0.045237061130107024
mayor : 0.026125750602360522
mercado : 0.07847882806785468
mercados : 0.0717849738901272
para : 0.045237061130107024
parte : 0.025441591409777232
petroken : 0.04491382069154843
petroquímica : 0.08982764138309686
petroquímicos : 0.049889394949009375
petróleo : 0.060644212992073676
planta : 0.05383873041759539
plata : 0.06651919326534583
polipropileno : 0.04039344266298532
por : 0.0395134589578155
produccion : 0.029942547127698955
produce : 0.027757662474314455
producto : 0.05383873041759539
productos : 0.024822694138320577
que : 0.04631971331352703
sa : 0.050883182819554465
se : 0.04280959791629268
su : 0.02238961979129843
sus : 0.04477923958259686
también : 0.03560689103219029
tiene : 0.029942547127698955
toneladas : 0.04039344266298532
un : 0.03424767833303415
una : 0.04939182369726937
utilidades : 0.033259596632672916
vende : 0.04039344266298532
ventas : 0.024822694138320577
ypf : 0.12019854366898401
