ambiente : 0.17473358345710294
de : 0.38888229238509975
efluentes : 0.14989373903854794
el : 0.11151459744775408
empresa : 0.08463951732524168
en : 0.10011833463654009
es : 0.053331493611259474
la : 0.18484543546771756
las : 0.21699139845047266
los : 0.06714705941239983
medio : 0.1666681538915291
operaciones : 0.08463951732524168
para : 0.20144117823719948
que : 0.13750816096931398
se : 0.09531582764976973
sus : 0.12462655835638402
tratamiento : 0.2248406085578219
un : 0.06354388509984649
una : 0.07331412866871792
ypf : 0.14867932309255855
