argentina : 0.2873602707932107
de : 0.3920311368578536
el : 0.0949303752632163
en : 0.2130723532008417
gas : 0.17371163210479604
geogr치ficas : 0.31900462410767894
mundo : 0.31900462410767894
petr칩leo : 0.19157351386214044
por : 0.15602750460265608
producci칩n : 0.16800775338119478
p치gina : 0.24791260558871017
reservas : 0.20632644065453948
total : 0.3658069666811878
