aceites : 0.16499829819521772
alta : 0.16499829819521772
con : 0.0862204674604339
de : 0.2535524765747312
del : 0.08416097875933086
desarrollado : 0.18568925880894743
diesel : 0.13220390151855774
el : 0.055257979630827396
elaión : 0.32999659639043544
especialmente : 0.16499829819521772
generación : 0.16499829819521772
la : 0.07632920967074905
los : 0.12477326711707132
lubricante : 0.16499829819521772
motores : 0.24749744729282658
para : 0.24954653423414264
que : 0.08517296537651538
sae : 0.36076834395372
semisintético : 0.18568925880894743
sintético : 0.18568925880894743
sj : 0.32999659639043544
vehículos : 0.18568925880894743
última : 0.18568925880894743
