ep : 0.07714301822840183
aceite : 0.02724456319910441
aceites : 0.029401292497552096
agregado : 0.03308824558563691
agua : 0.038571509114200916
alto : 0.029401292497552096
antidesgaste : 0.03308824558563691
antiespuma : 0.03308824558563691
antiherrumbre : 0.03308824558563691
aplicaciones : 0.03308824558563691
automotores : 0.04963236837845536
automotrices : 0.03308824558563691
automotriz : 0.03308824558563691
base : 0.03210132121885787
buen : 0.03308824558563691
cajas : 0.06617649117127382
camiones : 0.03308824558563691
características : 0.06617649117127382
cojinetes : 0.03308824558563691
como : 0.038889795879129815
con : 0.0845006443063029
cumple : 0.04963236837845536
de : 0.26204918190675675
debido : 0.02571433940946728
deere : 0.03308824558563691
del : 0.014996770151263742
descripción : 0.06617649117127382
donde : 0.024527405625881057
ebullición : 0.03308824558563691
el : 0.03446275591337506
en : 0.07182691693671991
engranajes : 0.06617649117127382
engrase : 0.03308824558563691
equipos : 0.05448912639820882
es : 0.03531793060958406
especialmente : 0.07350323124388024
estabilidad : 0.03308824558563691
este : 0.01834043323329765
está : 0.02571433940946728
ferguson : 0.03308824558563691
fluido : 0.06617649117127382
ford : 0.018017961840657036
formulado : 0.04963236837845536
frenos : 0.03308824558563691
gl : 0.03308824558563691
gran : 0.029401292497552096
grasa : 0.18198535072100303
grasas : 0.08272061396409228
hacen : 0.03308824558563691
hidromóvil : 0.03308824558563691
hidráulico : 0.04963236837845536
hidráulicos : 0.06617649117127382
industriales : 0.04963236837845536
la : 0.05440486221212964
las : 0.02394984849918781
litio : 0.03308824558563691
los : 0.06670060290034929
lubricación : 0.03308824558563691
lubricante : 0.029401292497552096
lubricantes : 0.058894025277548986
líquido : 0.03308824558563691
manuales : 0.03308824558563691
medio : 0.024527405625881057
motores : 0.029401292497552096
norma : 0.04086684479865661
para : 0.12599002770065978
por : 0.016183703934849965
producto : 0.05880258499510419
protección : 0.03308824558563691
punto : 0.03308824558563691
que : 0.05311984143827887
requerimientos : 0.03308824558563691
rodamientos : 0.06617649117127382
ruedas : 0.03308824558563691
sae : 0.02571433940946728
satisfacer : 0.03308824558563691
se : 0.04909441122740799
sistemas : 0.04963236837845536
su : 0.0733617329331906
suave : 0.03308824558563691
sódica : 0.03308824558563691
temperaturas : 0.06617649117127382
textura : 0.03308824558563691
tipo : 0.04410193874632814
tractores : 0.03308824558563691
transmisión : 0.03308824558563691
un : 0.021040461954603424
una : 0.040459259837124915
usan : 0.03308824558563691
uso : 0.044054772642764924
viscosidad : 0.03308824558563691
°c : 0.029401292497552096
índice : 0.03308824558563691
