información : 0.7896347127913991
auditor : 0.5264231418609328
de : 0.5662671976835663
del : 0.40277039834822626
estados : 0.7887902149371243
generales : 0.48780741727920274
