al : 0.04072733932898468
alta : 0.036484772208183455
altamente : 0.041060001122770556
ambiente : 0.03190954329359636
aprobación : 0.041060001122770556
asegura : 0.041060001122770556
asesoramiento : 0.041060001122770556
atención : 0.07296954441636691
calidad : 0.02923320594634775
caracterizado : 0.041060001122770556
cliente : 0.10945431662455038
clientes : 0.03043664856544976
comercial : 0.08212000224554111
comerciales : 0.041060001122770556
como : 0.0241296423276449
competitividad : 0.041060001122770556
competitivo : 0.041060001122770556
con : 0.028597877821035005
conjunto : 0.041060001122770556
continuarán : 0.041060001122770556
creado : 0.041060001122770556
cuerpo : 0.041060001122770556
de : 0.17380478344743125
del : 0.05582956016708087
dentro : 0.041060001122770556
desarrollo : 0.05466862875801852
desde : 0.0584664118926955
dinámica : 0.041060001122770556
dirección : 0.03380843486093485
división : 0.0676168697218697
el : 0.07331256703495911
elaboración : 0.041060001122770556
elevado : 0.041060001122770556
en : 0.04799402015167474
enfoque : 0.041060001122770556
esencial : 0.041060001122770556
especializado : 0.041060001122770556
esta : 0.039835302898648714
etapa : 0.041060001122770556
formar : 0.041060001122770556
ha : 0.02946014684535267
hasta : 0.0584664118926955
hemos : 0.041060001122770556
individual : 0.01798074329130864
integradas : 0.041060001122770556
internacional : 0.05071265229140227
iso : 0.03380843486093485
la : 0.14346364655937816
las : 0.039626592016257935
liderazgo : 0.041060001122770556
llegada : 0.041060001122770556
llevado : 0.036484772208183455
los : 0.03678683782989562
lubricantes : 0.116932823785391
mandato : 0.041060001122770556
mantener : 0.03380843486093485
medio : 0.03043664856544976
mismas : 0.036484772208183455
necesidad : 0.041060001122770556
negocio : 0.036484772208183455
nivel : 0.036484772208183455
norma : 0.03380843486093485
nos : 0.07053927427466049
nueva : 0.14371000392969693
operaciones : 0.023185082303614053
organización : 0.041060001122770556
orientado : 0.041060001122770556
parte : 0.025861419650862662
petróleo : 0.024657977031760654
por : 0.040165496234347106
preservación : 0.041060001122770556
productivas : 0.041060001122770556
productos : 0.06308077388286086
profesional : 0.041060001122770556
propuesto : 0.041060001122770556
que : 0.03766725201469657
recibimos : 0.041060001122770556
reconocimiento : 0.041060001122770556
refinación : 0.036484772208183455
satisfacción : 0.041060001122770556
septiembre : 0.036484772208183455
servicio : 0.03190954329359636
su : 0.11379542732211081
tecnológica : 0.041060001122770556
tendrá : 0.041060001122770556
través : 0.03043664856544976
un : 0.034812821539849895
una : 0.040165496234347106
usuarios : 0.041060001122770556
ypf : 0.02036366966449234
