certificación : 0.12441180340199479
calidad : 0.20667876604067859
clientes : 0.12296406020441704
compromiso : 0.06829303841908839
con : 0.11553542639698142
continuo : 0.08294120226799653
de : 0.2378322230270979
del : 0.037591903845834454
el : 0.12340948784218118
en : 0.08309821774832826
esta : 0.05364487457018027
iso : 0.13658607683817678
la : 0.238655995570542
las : 0.10005714484105128
los : 0.09288676552048643
lubricantes : 0.08857661401743368
más : 0.04516502434724698
norma : 0.10243955762863259
nos : 0.05699573361392568
nuestro : 0.12441180340199479
nuestros : 0.12441180340199479
para : 0.11146411862458372
personal : 0.03051686049833885
productos : 0.07645389794602737
que : 0.15217569813937415
se : 0.035160949755248395
servicios : 0.05364487457018027
sistema : 0.08294120226799653
son : 0.05699573361392568
su : 0.04597335263813278
todo : 0.08294120226799653
trabajo : 0.08294120226799653
un : 0.05274142463287259
ypf : 0.10283653180568632
