argentina : 0.48202368004022433
de : 0.27400025694366115
el : 0.11942853662146566
en : 0.2010440751975684
las : 0.19365899001493797
los : 0.17978083649126406
lubricantes : 0.28573101295946346
marcas : 0.4013283980709509
para : 0.26967125473689607
por : 0.2944390006211413
que : 0.27612525872063853
