aceite : 0.4390266755512825
de : 0.33976031861013983
el : 0.15866934151137582
en : 0.17806760946070344
estaciones : 0.2634944147237508
las : 0.17152653401323079
que : 0.32609078172723027
servicio : 0.2762454747988485
sus : 0.19702865416342616
un : 0.15068978466535024
una : 0.1738592194143882
ypf : 0.26443679607176485
