de : 0.42470039826267475
en : 0.7790457913905775
su : 1.2930005429474842
