aceite : 0.374778869373046
de : 0.3314734815708681
del : 0.27506271106708136
el : 0.1354494378755647
es : 0.1619456330390684
la : 0.18709964809537263
motor : 0.20200725016682455
mínimo : 0.30344342293169463
para : 0.13593185198119967
presión : 0.6068868458633893
un : 0.1286376210557868
una : 0.22262461022574098
valor : 0.2160405219937407
