aa : 0.19337183235919395
ab : 0.2900577485387909
ae : 0.18661770510299217
af : 0.12441180340199479
ag : 0.1658232896861938
al : 0.06170191908341179
ao : 0.12441180340199479
ba : 0.10243955762863259
bg : 0.24882360680398957
ca : 0.1207009677829056
ch : 0.311029508504987
claudia : 0.18661770510299217
con : 0.05776771319849071
cu : 0.12441180340199479
de : 0.050964047791520965
dni : 1.244118034019948
estos : 0.09222304515331278
ganadores : 0.12441180340199479
los : 0.05573205931229186
mega : 0.11054885979079587
promo : 0.12441180340199479
silvana : 0.12441180340199479
sticker : 1.3685298374219426
