august : 0.1527191290868491
block : 0.18585565308888807
contract : 0.33240825193924944
december : 0.14244135612753472
ecuador : 0.5012122019201781
ecuadorian : 0.27046044217824955
government : 0.11369043623618692
negotiation : 0.2403236082408606
negotiations : 0.18585565308888807
parties : 0.13228418868486058
petroecuador : 0.4056906632673743
production : 0.18837297782116535
result : 0.13050931935789298
sa : 0.1703480468306823
sharing : 0.33404203574554103
successful : 0.20048488076807125
ypf : 0.3353365167576728
