argentina : 0.2490455680207826
del : 0.18795951922917226
la : 0.17046856826467285
oil : 0.4299810528727664
petroquímica : 0.4611152257665639
pipeline : 0.5527442989539794
plata : 0.34146519209544196
sa : 1.0448013538948515
storage : 0.34146519209544196
transportation : 0.26822437285090134
