apple : 0.1266627722876816
httpwwwnewscompagestophtml : 0.04222092409589387
netscape : 0.11183357819719714
newwin : 0.040272072119350556
resizableyesscrollbarsyesstatuswidthheight : 0.040272072119350556
headline : 0.0373334499654535
search : 0.12045419905187627
text : 0.03421838495288815
pt : 0.5608562896300385
arial : 0.24163243271610332
black} : 0.26176846877577864
bold : 0.10068018029837639
cnet : 0.05432829842881868
color : 0.23370187145073867
complex : 0.030677204969410735
fontsize : 0.2819045048354539
fontweight : 0.2819045048354539
function : 0.027332294469357407
ibm : 0.031926993996840194
lineheight : 0.2819045048354539
marginleft : 0.040272072119350556
marginright : 0.040272072119350556
medium : 0.08554596238222037
mention : 0.10865659685763736
microsoft : 0.0633313861438408
mywindowlocation : 0.040272072119350556
news : 0.03737940183554496
newscom : 0.08149244764322802
normal : 0.06022709952593813
searches : 0.05432829842881868
setwindowname : 0.040272072119350556
stories : 0.11419119931083918
textdecoration : 0.32217657695480445
times : 0.04867428760898852
underline : 0.040272072119350556
{color : 0.040272072119350556
{fontfamily : 0.2819045048354539
