httpwwwnewscompagestophtml : 0.029387816467962603
newwin : 0.028031320715292636
resizableyesscrollbarsyesstatuswidthheight : 0.028031320715292636
aol : 0.3781513781215647
date : 0.03333411075353984
headline : 0.025985896784464595
pt : 0.4038447447603359
agreement : 0.017558575440270733
allow : 0.022709322311925465
aols : 0.03781513781215647
apparently : 0.029387816467962603
arial : 0.1541722639341095
attorneys : 0.03333411075353984
automatically : 0.03668722425012328
billing : 0.0567227067182347
black} : 0.18220358464940214
bold : 0.07007830178823159
choose : 0.031136643656119328
color : 0.162667867970271
court : 0.015864269042282764
current : 0.028313311513545443
december : 0.02987371906626108
deceptive : 0.0504022157100893
dilorenzo : 0.0567227067182347
filed : 0.026922982984022393
files : 0.021352826559255498
fire : 0.023817660043195705
fontsize : 0.19621924500704846
fontweight : 0.19621924500704846
function : 0.019024606180798924
implemented : 0.026922982984022393
law : 0.015590249212002028
legal : 0.015544246346322753
lineheight : 0.19621924500704846
log : 0.07563027562431295
marginleft : 0.028031320715292636
marginright : 0.028031320715292636
medium : 0.05954415010798926
month : 0.03485740027934379
mywindowlocation : 0.028031320715292636
normal : 0.04192099024753748
online : 0.019307402628427454
plan : 0.11010893177200519
policy : 0.013565994671948113
practices : 0.02059195638932233
prices : 0.022222740502359895
pricing : 0.21023490536469477
screen : 0.04204698107293895
service : 0.02123498363515908
setwindowname : 0.028031320715292636
subscriber : 0.06720295428011908
subscribers : 0.028031320715292636
suit : 0.10285735763786912
textdecoration : 0.2242505657223411
times : 0.025409753485847352
underline : 0.028031320715292636
unlimited : 0.03781513781215647
users : 0.12781046769092722
violates : 0.031136643656119328
york : 0.024567443575838094
{color : 0.028031320715292636
{fontfamily : 0.19621924500704846
