channels : 0.024219150260874935
httpwwwnewscompagestophtml : 0.02738977795456005
users : 0.03248749204505413
newwin : 0.026125508542014952
resizableyesscrollbarsyesstatuswidthheight : 0.026125508542014952
headline : 0.024219150260874935
search : 0.01953541896804509
pt : 0.37638787826104964
allow : 0.02116534572414583
application : 0.016570840249832353
applications : 0.07960430524640293
arial : 0.1436902969810822
black} : 0.16981580552309716
bold : 0.06531377135503738
broadcast : 0.02738977795456005
broadcasting : 0.03763878782610496
browser : 0.041084666931840076
called : 0.01526475719820724
castanet : 0.15859861623483754
clicks : 0.03524413694107501
client : 0.02071184596395582
color : 0.15160829621025257
companies : 0.031947793636686504
company : 0.03735228373432903
content : 0.043316656060072165
data : 0.02868794012448502
desktops : 0.03524413694107501
development : 0.010346408019418133
director : 0.01886809298698909
distributing : 0.05286620541161252
distribution : 0.03980215262320146
due : 0.017994718030460717
feature : 0.02738977795456005
fontsize : 0.18287855979410464
fontweight : 0.18287855979410464
function : 0.017731148536778603
hard : 0.026125508542014952
include : 0.016570840249832353
including : 0.013814195353811468
information : 0.040432721350795835
internet : 0.03980215262320146
java : 0.1095591118182402
leading : 0.016570840249832353
lineheight : 0.18287855979410464
marginleft : 0.026125508542014952
marginright : 0.026125508542014952
marimba : 0.10573241082322504
marimbas : 0.03524413694107501
medium : 0.055495822621893676
microsoft : 0.02738977795456005
mywindowlocation : 0.026125508542014952
net : 0.022795272480246574
netscape : 0.04352955706599119
network : 0.04233069144829166
news : 0.024248960397563163
normal : 0.03907083793609018
pointcast : 0.07048827388215002
polese : 0.03524413694107501
products : 0.017479297190768215
program : 0.010782447912540674
programs : 0.012967504461050503
receiving : 0.024219150260874935
run : 0.026125508542014952
setwindowname : 0.026125508542014952
sites : 0.02219832904875747
software : 0.028302139480483636
stored : 0.03131695744781753
sun : 0.026125508542014952
support : 0.013310986737630868
system : 0.01390047613112607
technology : 0.015608239474787608
textdecoration : 0.20900406833611962
time : 0.010276889081220885
times : 0.0315762375707036
underline : 0.026125508542014952
update : 0.03131695744781753
user : 0.029303128452067635
venture : 0.024219150260874935
web : 0.03980215262320146
{color : 0.026125508542014952
{fontfamily : 0.18287855979410464
