httpwwwnewscompagestophtml : 0.03662345309833218
newwin : 0.03493297164898211
resizableyesscrollbarsyesstatuswidthheight : 0.03493297164898211
headline : 0.03238393955336686
search : 0.02612122308984817
services : 0.035915796490752744
pt : 0.5032762160081459
accessed : 0.04712568310681621
arial : 0.1921313440694016
black} : 0.2270643157183837
bold : 0.08733242912245529
color : 0.2027186687962847
computer : 0.036646112460747136
described : 0.027694248580592443
entertainment : 0.11640858821435521
fontsize : 0.2445308015428748
fontweight : 0.2445308015428748
function : 0.02370869482379866
home : 0.036241648085009764
hours : 0.027694248580592443
internet : 0.03991522692042647
lineheight : 0.2445308015428748
marginleft : 0.03493297164898211
marginright : 0.03493297164898211
medium : 0.0890455699342203
mywindowlocation : 0.03493297164898211
net : 0.030480042369420608
normal : 0.05224244617969634
online : 0.14436671510801438
people : 0.021933303738083502
percent : 0.24819327204040142
read : 0.03493297164898211
setwindowname : 0.03493297164898211
survey : 0.05791961965608134
textdecoration : 0.2794637731918569
times : 0.03166594279107492
trails : 0.03880286273811841
tv : 0.02370869482379866
underline : 0.03493297164898211
user : 0.02612122308984817
users : 0.07239952457010168
week : 0.025228927365178594
{color : 0.03493297164898211
{fontfamily : 0.2445308015428748
