pagestophtml : 0.05759805713055314
newwin : 0.0426958542376448
resizableyesscrollbarsyesstatuswidthheight : 0.0426958542376448
headline : 0.03958037056522616
pt : 0.6151153751210672
arial : 0.2348271983070464
artist : 0.04100769167473781
black} : 0.27752305254469123
bold : 0.106739635594112
color : 0.24776726186212572
copyrighted : 0.08639708569582971
designing : 0.051180027680924015
detected : 0.05759805713055314
digital : 0.0426958542376448
fontsize : 0.2988709796635136
fontweight : 0.2988709796635136
function : 0.028977293673531693
image : 0.08822410367711989
lineheight : 0.2988709796635136
marginleft : 0.0426958542376448
marginright : 0.0426958542376448
medium : 0.0906945619700392
mywindowlocation : 0.0426958542376448
normal : 0.0638518786640733
protection : 0.02856570327935731
setwindowname : 0.0426958542376448
software : 0.06167071133710322
special : 0.040116467498951876
step : 0.04788890899805497
textdecoration : 0.3415668339011584
times : 0.03870281896686934
underline : 0.0426958542376448
variation : 0.04742572112436694
watermark : 0.17279417139165942
{color : 0.0426958542376448
{fontfamily : 0.2988709796635136
